2.2349580099938495 3
2.3736117738227396 3
2.604046122314263 3
2.6477837239000106 1
2.5222305801697535 4
2.3752518056253775 0
2.6848055726319733 2
2.688309775062807 0
2.6408086662363237 3
2.572426887804588 1
5.999299280378632 0
5.9184495942629205 0
1.0650786028993229 7
1.0516955392135579 2
0.8242589256859795 7
0.6013200742916976 14
1.0577968966270754 4
0.9808771428637335 19
0.9830412701820113 18
1.0025948726529554 5
0.886921214234782 15
0.8377984545603138 8
1.109280298955517 8
0.9103053686092746 19
1.155357337392663 7
0.9580983966556137 8
0.7723947010089067 18
1.218693536033481 16
0.9395971442045109 11
0.8409612223503091 19
0.934034358881165 2
0.8998508205227873 12
1.1681030611940038 14
0.9851832161048173 19
1.03248944010265 14
1.1106181521539424 15
0.7791512023775189 0
0.945381695550414 1
1.1854609872226916 3
1.0837333318002345 18
0.697620089648333 15
1.125197846280316 5
0.5562661369610784 1
1.088646050888965 6
0.8294815544593509 11
0.8843218603789333 6
1.1802510794215868 1
0.9222172239420372 4
0.9161410202663499 11
1.0310483886375719 10
1.0777614880294157 14
0.9001965418284612 19
0.8555329584615274 5
1.2054193274785885 0
1.0569611279040372 4
0.7207731064792179 14
1.1415816208722729 1
1.1104848363619049 4
0.9832642815280792 5
1.0305958993028554 3
0.7796894599328639 1
0.8151946628788398 12
0.0 0
530.2198059748326 3
530.5136574145033 4
504.7986313700953 2
472.9480505492798 1
0.0 0
526.9529761719843 2
518.4642979428095 2
354.45766907126944 4
529.2921289046639 0
0.0 0
1.455816406633138 0
7.985542197440094 16
7.837296952998478 9
0.0 0
7.664216490590773 18
7.830741548053853 15
7.826878463543876 12
7.943427395735428 10
8.261769290956556 4
7.869691803949346 14
8.348370928048508 5
7.711355450089078 11
7.775430869409096 0
7.914741043524373 17
8.006132767597041 16
8.101707441660887 0
8.089337651256484 15
0.0 0
7.652557241934879 9
8.124857812275067 4
7.8431611662807015 15
8.415760386374703 12
7.3213397464354575 9
7.62795532430728 2
7.984527998392932 7
7.7089104194424785 13
7.77701555782461 10
8.089616741498324 15
5.340501808265387 18
8.238762775783227 19
7.855451261285875 6
7.457377771809523 3
7.829692159062568 0
0.0 0
7.660100905955417 17
0.0 0
8.418252230633849 8
7.959226797182097 17
8.097639971274823 0
7.778000376903738 18
7.661629572384452 0
7.991035810212743 3
8.49770775560275 3
7.93330084969595 8
7.623537281600681 19
7.864192194527204 10
7.799442185791651 1
7.948460625215777 7
7.806157218156757 5
7.6378960746409765 18
7.745240238107707 18
2.2349580099938495 3
2.3736117738227396 3
2.604046122314263 3
2.6477837239000106 1
2.5222305801697535 4
2.3752518056253775 0
2.6848055726319733 2
2.688309775062807 0
2.6408086662363237 3
2.572426887804588 1
5.999299280378632 0
5.9184495942629205 0
1.0650786028993229 7
1.0516955392135579 2
0.8242589256859795 7
0.6013200742916976 14
1.0577968966270754 4
0.9808771428637335 19
0.9830412701820113 18
1.0025948726529554 5
0.886921214234782 15
0.8377984545603138 8
1.109280298955517 8
0.9103053686092746 19
1.155357337392663 7
0.9580983966556137 8
0.7723947010089067 18
1.218693536033481 16
0.9395971442045109 11
0.8409612223503091 19
0.934034358881165 2
0.8998508205227873 12
1.1681030611940038 14
0.9851832161048173 19
1.03248944010265 14
1.1106181521539424 15
0.7791512023775189 0
0.945381695550414 1
1.1854609872226916 3
1.0837333318002345 18
0.697620089648333 15
1.125197846280316 5
0.5562661369610784 1
1.088646050888965 6
0.8294815544593509 11
0.8843218603789333 6
1.1802510794215868 1
0.9222172239420372 4
0.9161410202663499 11
1.0310483886375719 10
1.0777614880294157 14
0.9001965418284612 19
0.8555329584615274 5
1.2054193274785885 0
1.0569611279040372 4
0.7207731064792179 14
1.1415816208722729 1
1.1104848363619049 4
0.9832642815280792 5
1.0305958993028554 3
0.7796894599328639 1
0.8151946628788398 12
0.0 0
530.2198059748326 3
530.5136574145033 4
504.7986313700953 2
472.9480505492798 1
0.0 0
526.9529761719843 2
518.4642979428095 2
354.45766907126944 4
529.2921289046639 0
0.0 0
1.455816406633138 0
7.985542197440094 16
7.837296952998478 9
0.0 0
7.664216490590773 18
7.830741548053853 15
7.826878463543876 12
7.943427395735428 10
8.261769290956556 4
7.869691803949346 14
8.348370928048508 5
7.711355450089078 11
7.775430869409096 0
7.914741043524373 17
8.006132767597041 16
8.101707441660887 0
8.089337651256484 15
0.0 0
7.652557241934879 9
8.124857812275067 4
7.8431611662807015 15
8.415760386374703 12
7.3213397464354575 9
7.62795532430728 2
7.984527998392932 7
7.7089104194424785 13
7.77701555782461 10
8.089616741498324 15
5.340501808265387 18
8.238762775783227 19
7.855451261285875 6
7.457377771809523 3
7.829692159062568 0
0.0 0
7.660100905955417 17
0.0 0
8.418252230633849 8
7.959226797182097 17
8.097639971274823 0
7.778000376903738 18
7.661629572384452 0
7.991035810212743 3
8.49770775560275 3
7.93330084969595 8
7.623537281600681 19
7.864192194527204 10
7.799442185791651 1
7.948460625215777 7
7.806157218156757 5
7.6378960746409765 18
7.745240238107707 18
2.2349580099938495 3
2.3736117738227396 3
2.604046122314263 3
2.6477837239000106 1
2.5222305801697535 4
2.3752518056253775 0
2.6848055726319733 2
2.688309775062807 0
2.6408086662363237 3
2.572426887804588 1
5.999299280378632 0
5.9184495942629205 0
1.0650786028993229 7
1.0516955392135579 2
0.8242589256859795 7
0.6013200742916976 14
1.0577968966270754 4
0.9808771428637335 19
0.9830412701820113 18
1.0025948726529554 5
0.886921214234782 15
0.8377984545603138 8
1.109280298955517 8
0.9103053686092746 19
1.155357337392663 7
0.9580983966556137 8
0.7723947010089067 18
1.218693536033481 16
0.9395971442045109 11
0.8409612223503091 19
0.934034358881165 2
0.8998508205227873 12
1.1681030611940038 14
0.9851832161048173 19
1.03248944010265 14
1.1106181521539424 15
0.7791512023775189 0
0.945381695550414 1
1.1854609872226916 3
1.0837333318002345 18
0.697620089648333 15
1.125197846280316 5
0.5562661369610784 1
1.088646050888965 6
0.8294815544593509 11
0.8843218603789333 6
1.1802510794215868 1
0.9222172239420372 4
0.9161410202663499 11
1.0310483886375719 10
1.0777614880294157 14
0.9001965418284612 19
0.8555329584615274 5
1.2054193274785885 0
1.0569611279040372 4
0.7207731064792179 14
1.1415816208722729 1
1.1104848363619049 4
0.9832642815280792 5
1.0305958993028554 3
0.7796894599328639 1
0.8151946628788398 12
0.0 0
530.2198059748326 3
530.5136574145033 4
504.7986313700953 2
472.9480505492798 1
0.0 0
526.9529761719843 2
518.4642979428095 2
354.45766907126944 4
529.2921289046639 0
0.0 0
1.455816406633138 0
7.985542197440094 16
7.837296952998478 9
0.0 0
7.664216490590773 18
7.830741548053853 15
7.826878463543876 12
7.943427395735428 10
8.261769290956556 4
7.869691803949346 14
8.348370928048508 5
7.711355450089078 11
7.775430869409096 0
7.914741043524373 17
8.006132767597041 16
8.101707441660887 0
8.089337651256484 15
0.0 0
7.652557241934879 9
8.124857812275067 4
7.8431611662807015 15
8.415760386374703 12
7.3213397464354575 9
7.62795532430728 2
7.984527998392932 7
7.7089104194424785 13
7.77701555782461 10
8.089616741498324 15
5.340501808265387 18
8.238762775783227 19
7.855451261285875 6
7.457377771809523 3
7.829692159062568 0
0.0 0
7.660100905955417 17
0.0 0
8.418252230633849 8
7.959226797182097 17
8.097639971274823 0
7.778000376903738 18
7.661629572384452 0
7.991035810212743 3
8.49770775560275 3
7.93330084969595 8
7.623537281600681 19
7.864192194527204 10
7.799442185791651 1
7.948460625215777 7
7.806157218156757 5
7.6378960746409765 18
7.745240238107707 18
2.2349580099938495 3
2.3736117738227396 3
2.604046122314263 3
2.6477837239000106 1
2.5222305801697535 4
2.3752518056253775 0
2.6848055726319733 2
2.688309775062807 0
2.6408086662363237 3
2.572426887804588 1
5.999299280378632 0
5.9184495942629205 0
1.0650786028993229 7
1.0516955392135579 2
0.8242589256859795 7
0.6013200742916976 14
1.0577968966270754 4
0.9808771428637335 19
0.9830412701820113 18
1.0025948726529554 5
0.886921214234782 15
0.8377984545603138 8
1.109280298955517 8
0.9103053686092746 19
1.155357337392663 7
0.9580983966556137 8
0.7723947010089067 18
1.218693536033481 16
0.9395971442045109 11
0.8409612223503091 19
0.934034358881165 2
0.8998508205227873 12
1.1681030611940038 14
0.9851832161048173 19
1.03248944010265 14
1.1106181521539424 15
0.7791512023775189 0
0.945381695550414 1
1.1854609872226916 3
1.0837333318002345 18
0.697620089648333 15
1.125197846280316 5
0.5562661369610784 1
1.088646050888965 6
0.8294815544593509 11
0.8843218603789333 6
1.1802510794215868 1
0.9222172239420372 4
0.9161410202663499 11
1.0310483886375719 10
1.0777614880294157 14
0.9001965418284612 19
0.8555329584615274 5
1.2054193274785885 0
1.0569611279040372 4
0.7207731064792179 14
1.1415816208722729 1
1.1104848363619049 4
0.9832642815280792 5
1.0305958993028554 3
0.7796894599328639 1
0.8151946628788398 12
0.0 0
530.2198059748326 3
530.5136574145033 4
504.7986313700953 2
472.9480505492798 1
0.0 0
526.9529761719843 2
518.4642979428095 2
354.45766907126944 4
529.2921289046639 0
0.0 0
1.455816406633138 0
7.985542197440094 16
7.837296952998478 9
0.0 0
7.664216490590773 18
7.830741548053853 15
7.826878463543876 12
7.943427395735428 10
8.261769290956556 4
7.869691803949346 14
8.348370928048508 5
7.711355450089078 11
7.775430869409096 0
7.914741043524373 17
8.006132767597041 16
8.101707441660887 0
8.089337651256484 15
0.0 0
7.652557241934879 9
8.124857812275067 4
7.8431611662807015 15
8.415760386374703 12
7.3213397464354575 9
7.62795532430728 2
7.984527998392932 7
7.7089104194424785 13
7.77701555782461 10
8.089616741498324 15
5.340501808265387 18
8.238762775783227 19
7.855451261285875 6
7.457377771809523 3
7.829692159062568 0
0.0 0
7.660100905955417 17
0.0 0
8.418252230633849 8
7.959226797182097 17
8.097639971274823 0
7.778000376903738 18
7.661629572384452 0
7.991035810212743 3
8.49770775560275 3
7.93330084969595 8
7.623537281600681 19
7.864192194527204 10
7.799442185791651 1
7.948460625215777 7
7.806157218156757 5
7.6378960746409765 18
7.745240238107707 18
2.2349580099938495 3
2.3736117738227396 3
2.604046122314263 3
2.6477837239000106 1
2.5222305801697535 4
2.3752518056253775 0
2.6848055726319733 2
2.688309775062807 0
2.6408086662363237 3
2.572426887804588 1
5.999299280378632 0
5.9184495942629205 0
1.0650786028993229 7
1.0516955392135579 2
0.8242589256859795 7
0.6013200742916976 14
1.0577968966270754 4
0.9808771428637335 19
0.9830412701820113 18
1.0025948726529554 5
0.886921214234782 15
0.8377984545603138 8
1.109280298955517 8
0.9103053686092746 19
1.155357337392663 7
0.9580983966556137 8
0.7723947010089067 18
1.218693536033481 16
0.9395971442045109 11
0.8409612223503091 19
0.934034358881165 2
0.8998508205227873 12
1.1681030611940038 14
0.9851832161048173 19
1.03248944010265 14
1.1106181521539424 15
0.7791512023775189 0
0.945381695550414 1
1.1854609872226916 3
1.0837333318002345 18
0.697620089648333 15
1.125197846280316 5
0.5562661369610784 1
1.088646050888965 6
0.8294815544593509 11
0.8843218603789333 6
1.1802510794215868 1
0.9222172239420372 4
0.9161410202663499 11
1.0310483886375719 10
1.0777614880294157 14
0.9001965418284612 19
0.8555329584615274 5
1.2054193274785885 0
1.0569611279040372 4
0.7207731064792179 14
1.1415816208722729 1
1.1104848363619049 4
0.9832642815280792 5
1.0305958993028554 3
0.7796894599328639 1
0.8151946628788398 12
0.0 0
530.2198059748326 3
530.5136574145033 4
504.7986313700953 2
472.9480505492798 1
0.0 0
526.9529761719843 2
518.4642979428095 2
354.45766907126944 4
529.2921289046639 0
0.0 0
1.455816406633138 0
7.985542197440094 16
7.837296952998478 9
0.0 0
7.664216490590773 18
7.830741548053853 15
7.826878463543876 12
7.943427395735428 10
8.261769290956556 4
7.869691803949346 14
8.348370928048508 5
7.711355450089078 11
7.775430869409096 0
7.914741043524373 17
8.006132767597041 16
8.101707441660887 0
8.089337651256484 15
0.0 0
7.652557241934879 9
8.124857812275067 4
7.8431611662807015 15
8.415760386374703 12
7.3213397464354575 9
7.62795532430728 2
7.984527998392932 7
7.7089104194424785 13
7.77701555782461 10
8.089616741498324 15
5.340501808265387 18
8.238762775783227 19
7.855451261285875 6
7.457377771809523 3
7.829692159062568 0
0.0 0
7.660100905955417 17
0.0 0
8.418252230633849 8
7.959226797182097 17
8.097639971274823 0
7.778000376903738 18
7.661629572384452 0
7.991035810212743 3
8.49770775560275 3
7.93330084969595 8
7.623537281600681 19
7.864192194527204 10
7.799442185791651 1
7.948460625215777 7
7.806157218156757 5
7.6378960746409765 18
7.745240238107707 18
2.2349580099938495 3
2.3736117738227396 3
2.604046122314263 3
2.6477837239000106 1
2.5222305801697535 4
2.3752518056253775 0
2.6848055726319733 2
2.688309775062807 0
2.6408086662363237 3
2.572426887804588 1
5.999299280378632 0
5.9184495942629205 0
1.0650786028993229 7
1.0516955392135579 2
0.8242589256859795 7
0.6013200742916976 14
1.0577968966270754 4
0.9808771428637335 19
0.9830412701820113 18
1.0025948726529554 5
0.886921214234782 15
0.8377984545603138 8
1.109280298955517 8
0.9103053686092746 19
1.155357337392663 7
0.9580983966556137 8
0.7723947010089067 18
1.218693536033481 16
0.9395971442045109 11
0.8409612223503091 19
0.934034358881165 2
0.8998508205227873 12
1.1681030611940038 14
0.9851832161048173 19
1.03248944010265 14
1.1106181521539424 15
0.7791512023775189 0
0.945381695550414 1
1.1854609872226916 3
1.0837333318002345 18
0.697620089648333 15
1.125197846280316 5
0.5562661369610784 1
1.088646050888965 6
0.8294815544593509 11
0.8843218603789333 6
1.1802510794215868 1
0.9222172239420372 4
0.9161410202663499 11
1.0310483886375719 10
1.0777614880294157 14
0.9001965418284612 19
0.8555329584615274 5
1.2054193274785885 0
1.0569611279040372 4
0.7207731064792179 14
1.1415816208722729 1
1.1104848363619049 4
0.9832642815280792 5
1.0305958993028554 3
0.7796894599328639 1
0.8151946628788398 12
0.0 0
530.2198059748326 3
530.5136574145033 4
504.7986313700953 2
472.9480505492798 1
0.0 0
526.9529761719843 2
518.4642979428095 2
354.45766907126944 4
529.2921289046639 0
0.0 0
1.455816406633138 0
7.985542197440094 16
7.837296952998478 9
0.0 0
7.664216490590773 18
7.830741548053853 15
7.826878463543876 12
7.943427395735428 10
8.261769290956556 4
7.869691803949346 14
8.348370928048508 5
7.711355450089078 11
7.775430869409096 0
7.914741043524373 17
8.006132767597041 16
8.101707441660887 0
8.089337651256484 15
0.0 0
7.652557241934879 9
8.124857812275067 4
7.8431611662807015 15
8.415760386374703 12
7.3213397464354575 9
7.62795532430728 2
7.984527998392932 7
7.7089104194424785 13
7.77701555782461 10
8.089616741498324 15
5.340501808265387 18
8.238762775783227 19
7.855451261285875 6
7.457377771809523 3
7.829692159062568 0
0.0 0
7.660100905955417 17
0.0 0
8.418252230633849 8
7.959226797182097 17
8.097639971274823 0
7.778000376903738 18
7.661629572384452 0
7.991035810212743 3
8.49770775560275 3
7.93330084969595 8
7.623537281600681 19
7.864192194527204 10
7.799442185791651 1
7.948460625215777 7
7.806157218156757 5
7.6378960746409765 18
7.745240238107707 18
2.2349580099938495 3
2.3736117738227396 3
2.604046122314263 3
2.6477837239000106 1
2.5222305801697535 4
2.3752518056253775 0
2.6848055726319733 2
2.688309775062807 0
2.6408086662363237 3
2.572426887804588 1
2.2349580099938495 3
2.3736117738227396 3
2.604046122314263 3
2.6477837239000106 1
2.5222305801697535 4
2.3752518056253775 0
2.6848055726319733 2
2.688309775062807 0
2.6408086662363237 3
2.572426887804588 1
5.999299280378632 0
5.9184495942629205 0
1.0650786028993229 7
1.0516955392135579 2
0.8242589256859795 7
0.6013200742916976 14
1.0577968966270754 4
0.9808771428637335 19
0.9830412701820113 18
1.0025948726529554 5
0.886921214234782 15
0.8377984545603138 8
1.109280298955517 8
0.9103053686092746 19
1.155357337392663 7
0.9580983966556137 8
0.7723947010089067 18
1.218693536033481 16
0.9395971442045109 11
0.8409612223503091 19
0.934034358881165 2
0.8998508205227873 12
1.1681030611940038 14
0.9851832161048173 19
1.03248944010265 14
1.1106181521539424 15
0.7791512023775189 0
0.945381695550414 1
1.1854609872226916 3
1.0837333318002345 18
0.697620089648333 15
1.125197846280316 5
0.5562661369610784 1
1.088646050888965 6
0.8294815544593509 11
0.8843218603789333 6
1.1802510794215868 1
0.9222172239420372 4
0.9161410202663499 11
1.0310483886375719 10
1.0777614880294157 14
0.9001965418284612 19
0.8555329584615274 5
1.2054193274785885 0
1.0569611279040372 4
0.7207731064792179 14
1.1415816208722729 1
1.1104848363619049 4
0.9832642815280792 5
1.0305958993028554 3
0.7796894599328639 1
0.8151946628788398 12
0.0 0
530.2198059748326 3
530.5136574145033 4
504.7986313700953 2
472.9480505492798 1
0.0 0
526.9529761719843 2
518.4642979428095 2
354.45766907126944 4
529.2921289046639 0
0.0 0
1.455816406633138 0
7.985542197440094 16
7.837296952998478 9
0.0 0
7.664216490590773 18
7.830741548053853 15
7.826878463543876 12
7.943427395735428 10
8.261769290956556 4
7.869691803949346 14
8.348370928048508 5
7.711355450089078 11
7.775430869409096 0
7.914741043524373 17
8.006132767597041 16
8.101707441660887 0
8.089337651256484 15
0.0 0
7.652557241934879 9
8.124857812275067 4
7.8431611662807015 15
8.415760386374703 12
7.3213397464354575 9
7.62795532430728 2
7.984527998392932 7
7.7089104194424785 13
7.77701555782461 10
8.089616741498324 15
5.340501808265387 18
8.238762775783227 19
7.855451261285875 6
7.457377771809523 3
7.829692159062568 0
0.0 0
7.660100905955417 17
0.0 0
8.418252230633849 8
7.959226797182097 17
8.097639971274823 0
7.778000376903738 18
7.661629572384452 0
7.991035810212743 3
8.49770775560275 3
7.93330084969595 8
7.623537281600681 19
7.864192194527204 10
7.799442185791651 1
7.948460625215777 7
7.806157218156757 5
7.6378960746409765 18
7.745240238107707 18
2.2349580099938495 3
2.3736117738227396 3
2.604046122314263 3
2.6477837239000106 1
2.5222305801697535 4
2.3752518056253775 0
2.6848055726319733 2
2.688309775062807 0
2.6408086662363237 3
2.572426887804588 1
5.999299280378632 0
5.9184495942629205 0
1.0650786028993229 7
1.0516955392135579 2
0.8242589256859795 7
0.6013200742916976 14
1.0577968966270754 4
0.9808771428637335 19
0.9830412701820113 18
1.0025948726529554 5
0.886921214234782 15
0.8377984545603138 8
1.109280298955517 8
0.9103053686092746 19
1.155357337392663 7
0.9580983966556137 8
0.7723947010089067 18
1.218693536033481 16
0.9395971442045109 11
0.8409612223503091 19
0.934034358881165 2
0.8998508205227873 12
1.1681030611940038 14
0.9851832161048173 19
1.03248944010265 14
1.1106181521539424 15
0.7791512023775189 0
0.945381695550414 1
1.1854609872226916 3
1.0837333318002345 18
0.697620089648333 15
1.125197846280316 5
0.5562661369610784 1
1.088646050888965 6
0.8294815544593509 11
0.8843218603789333 6
1.1802510794215868 1
0.9222172239420372 4
0.9161410202663499 11
1.0310483886375719 10
1.0777614880294157 14
0.9001965418284612 19
0.8555329584615274 5
1.2054193274785885 0
1.0569611279040372 4
0.7207731064792179 14
1.1415816208722729 1
1.1104848363619049 4
0.9832642815280792 5
1.0305958993028554 3
0.7796894599328639 1
0.8151946628788398 12
2.2349580099938495 3
2.3736117738227396 3
2.604046122314263 3
2.6477837239000106 1
2.5222305801697535 4
2.3752518056253775 0
2.6848055726319733 2
2.688309775062807 0
2.6408086662363237 3
2.572426887804588 1
5.999299280378632 0
5.9184495942629205 0
1.0650786028993229 7
1.0516955392135579 2
0.8242589256859795 7
0.6013200742916976 14
1.0577968966270754 4
0.9808771428637335 19
0.9830412701820113 18
1.0025948726529554 5
0.886921214234782 15
0.8377984545603138 8
1.109280298955517 8
0.9103053686092746 19
1.155357337392663 7
0.9580983966556137 8
0.7723947010089067 18
1.218693536033481 16
0.9395971442045109 11
0.8409612223503091 19
0.934034358881165 2
0.8998508205227873 12
1.1681030611940038 14
0.9851832161048173 19
1.03248944010265 14
1.1106181521539424 15
0.7791512023775189 0
0.945381695550414 1
1.1854609872226916 3
1.0837333318002345 18
0.697620089648333 15
1.125197846280316 5
0.5562661369610784 1
1.088646050888965 6
0.8294815544593509 11
0.8843218603789333 6
1.1802510794215868 1
0.9222172239420372 4
0.9161410202663499 11
1.0310483886375719 10
1.0777614880294157 14
0.9001965418284612 19
0.8555329584615274 5
1.2054193274785885 0
1.0569611279040372 4
0.7207731064792179 14
1.1415816208722729 1
1.1104848363619049 4
0.9832642815280792 5
1.0305958993028554 3
0.7796894599328639 1
0.8151946628788398 12
2.2349580099938495 3
2.3736117738227396 3
2.604046122314263 3
2.6477837239000106 1
2.5222305801697535 4
2.3752518056253775 0
2.6848055726319733 2
2.688309775062807 0
2.6408086662363237 3
2.572426887804588 1
5.999299280378632 0
5.9184495942629205 0
1.0650786028993229 7
1.0516955392135579 2
0.8242589256859795 7
0.6013200742916976 14
1.0577968966270754 4
0.9808771428637335 19
0.9830412701820113 18
1.0025948726529554 5
0.886921214234782 15
0.8377984545603138 8
1.109280298955517 8
0.9103053686092746 19
1.155357337392663 7
0.9580983966556137 8
0.7723947010089067 18
1.218693536033481 16
0.9395971442045109 11
0.8409612223503091 19
0.934034358881165 2
0.8998508205227873 12
1.1681030611940038 14
0.9851832161048173 19
1.03248944010265 14
1.1106181521539424 15
0.7791512023775189 0
0.945381695550414 1
1.1854609872226916 3
1.0837333318002345 18
0.697620089648333 15
1.125197846280316 5
0.5562661369610784 1
1.088646050888965 6
0.8294815544593509 11
0.8843218603789333 6
1.1802510794215868 1
0.9222172239420372 4
0.9161410202663499 11
1.0310483886375719 10
1.0777614880294157 14
0.9001965418284612 19
0.8555329584615274 5
1.2054193274785885 0
1.0569611279040372 4
0.7207731064792179 14
1.1415816208722729 1
1.1104848363619049 4
0.9832642815280792 5
1.0305958993028554 3
0.7796894599328639 1
0.8151946628788398 12
0.0 0
530.2198059748326 3
530.5136574145033 4
504.7986313700953 2
472.9480505492798 1
0.0 0
526.9529761719843 2
518.4642979428095 2
354.45766907126944 4
529.2921289046639 0
0.0 0
1.455816406633138 0
7.985542197440094 16
7.837296952998478 9
0.0 0
7.664216490590773 18
7.830741548053853 15
7.826878463543876 12
7.943427395735428 10
8.261769290956556 4
7.869691803949346 14
8.348370928048508 5
7.711355450089078 11
7.775430869409096 0
7.914741043524373 17
8.006132767597041 16
8.101707441660887 0
8.089337651256484 15
0.0 0
7.652557241934879 9
8.124857812275067 4
7.8431611662807015 15
8.415760386374703 12
7.3213397464354575 9
7.62795532430728 2
7.984527998392932 7
7.7089104194424785 13
7.77701555782461 10
8.089616741498324 15
5.340501808265387 18
8.238762775783227 19
7.855451261285875 6
7.457377771809523 3
7.829692159062568 0
0.0 0
7.660100905955417 17
0.0 0
8.418252230633849 8
7.959226797182097 17
8.097639971274823 0
7.778000376903738 18
7.661629572384452 0
7.991035810212743 3
8.49770775560275 3
7.93330084969595 8
7.623537281600681 19
7.864192194527204 10
7.799442185791651 1
7.948460625215777 7
7.806157218156757 5
7.6378960746409765 18
7.745240238107707 18
2.2349580099938495 3
2.3736117738227396 3
2.604046122314263 3
2.6477837239000106 1
2.5222305801697535 4
2.3752518056253775 0
2.6848055726319733 2
2.688309775062807 0
2.6408086662363237 3
2.572426887804588 1
5.999299280378632 0
5.9184495942629205 0
1.0650786028993229 7
1.0516955392135579 2
0.8242589256859795 7
0.6013200742916976 14
1.0577968966270754 4
0.9808771428637335 19
0.9830412701820113 18
1.0025948726529554 5
0.886921214234782 15
0.8377984545603138 8
1.109280298955517 8
0.9103053686092746 19
1.155357337392663 7
0.9580983966556137 8
0.7723947010089067 18
1.218693536033481 16
0.9395971442045109 11
0.8409612223503091 19
0.934034358881165 2
0.8998508205227873 12
1.1681030611940038 14
0.9851832161048173 19
1.03248944010265 14
1.1106181521539424 15
0.7791512023775189 0
0.945381695550414 1
1.1854609872226916 3
1.0837333318002345 18
0.697620089648333 15
1.125197846280316 5
0.5562661369610784 1
1.088646050888965 6
0.8294815544593509 11
0.8843218603789333 6
1.1802510794215868 1
0.9222172239420372 4
0.9161410202663499 11
1.0310483886375719 10
1.0777614880294157 14
0.9001965418284612 19
0.8555329584615274 5
1.2054193274785885 0
1.0569611279040372 4
0.7207731064792179 14
1.1415816208722729 1
1.1104848363619049 4
0.9832642815280792 5
1.0305958993028554 3
0.7796894599328639 1
0.8151946628788398 12
0.0 0
530.2198059748326 3
530.5136574145033 4
504.7986313700953 2
472.9480505492798 1
0.0 0
526.9529761719843 2
518.4642979428095 2
354.45766907126944 4
529.2921289046639 0
0.0 0
1.455816406633138 0
7.985542197440094 16
7.837296952998478 9
0.0 0
7.664216490590773 18
7.830741548053853 15
7.826878463543876 12
7.943427395735428 10
8.261769290956556 4
7.869691803949346 14
8.348370928048508 5
7.711355450089078 11
7.775430869409096 0
7.914741043524373 17
8.006132767597041 16
8.101707441660887 0
8.089337651256484 15
0.0 0
7.652557241934879 9
8.124857812275067 4
7.8431611662807015 15
8.415760386374703 12
7.3213397464354575 9
7.62795532430728 2
7.984527998392932 7
7.7089104194424785 13
7.77701555782461 10
8.089616741498324 15
5.340501808265387 18
8.238762775783227 19
7.855451261285875 6
7.457377771809523 3
7.829692159062568 0
0.0 0
7.660100905955417 17
0.0 0
8.418252230633849 8
7.959226797182097 17
8.097639971274823 0
7.778000376903738 18
7.661629572384452 0
7.991035810212743 3
8.49770775560275 3
7.93330084969595 8
7.623537281600681 19
7.864192194527204 10
7.799442185791651 1
7.948460625215777 7
7.806157218156757 5
7.6378960746409765 18
7.745240238107707 18
2.2349580099938495 3
2.3736117738227396 3
2.604046122314263 3
2.6477837239000106 1
2.5222305801697535 4
2.3752518056253775 0
2.6848055726319733 2
2.688309775062807 0
2.6408086662363237 3
2.572426887804588 1
5.999299280378632 0
5.9184495942629205 0
1.0650786028993229 7
1.0516955392135579 2
0.8242589256859795 7
0.6013200742916976 14
1.0577968966270754 4
0.9808771428637335 19
0.9830412701820113 18
1.0025948726529554 5
0.886921214234782 15
0.8377984545603138 8
1.109280298955517 8
0.9103053686092746 19
1.155357337392663 7
0.9580983966556137 8
0.7723947010089067 18
1.218693536033481 16
0.9395971442045109 11
0.8409612223503091 19
0.934034358881165 2
0.8998508205227873 12
1.1681030611940038 14
0.9851832161048173 19
1.03248944010265 14
1.1106181521539424 15
0.7791512023775189 0
0.945381695550414 1
1.1854609872226916 3
1.0837333318002345 18
0.697620089648333 15
1.125197846280316 5
0.5562661369610784 1
1.088646050888965 6
0.8294815544593509 11
0.8843218603789333 6
1.1802510794215868 1
0.9222172239420372 4
0.9161410202663499 11
1.0310483886375719 10
1.0777614880294157 14
0.9001965418284612 19
0.8555329584615274 5
1.2054193274785885 0
1.0569611279040372 4
0.7207731064792179 14
1.1415816208722729 1
1.1104848363619049 4
0.9832642815280792 5
1.0305958993028554 3
0.7796894599328639 1
0.8151946628788398 12
0.0 0
530.2198059748326 3
530.5136574145033 4
504.7986313700953 2
472.9480505492798 1
0.0 0
526.9529761719843 2
518.4642979428095 2
354.45766907126944 4
529.2921289046639 0
0.0 0
1.455816406633138 0
7.985542197440094 16
7.837296952998478 9
0.0 0
7.664216490590773 18
7.830741548053853 15
7.826878463543876 12
7.943427395735428 10
8.261769290956556 4
7.869691803949346 14
8.348370928048508 5
7.711355450089078 11
7.775430869409096 0
7.914741043524373 17
8.006132767597041 16
8.101707441660887 0
8.089337651256484 15
0.0 0
7.652557241934879 9
8.124857812275067 4
7.8431611662807015 15
8.415760386374703 12
7.3213397464354575 9
7.62795532430728 2
7.984527998392932 7
7.7089104194424785 13
7.77701555782461 10
8.089616741498324 15
5.340501808265387 18
8.238762775783227 19
7.855451261285875 6
7.457377771809523 3
7.829692159062568 0
0.0 0
7.660100905955417 17
0.0 0
8.418252230633849 8
7.959226797182097 17
8.097639971274823 0
7.778000376903738 18
7.661629572384452 0
7.991035810212743 3
8.49770775560275 3
7.93330084969595 8
7.623537281600681 19
7.864192194527204 10
7.799442185791651 1
7.948460625215777 7
7.806157218156757 5
7.6378960746409765 18
7.745240238107707 18
2.2349580099938495 3
2.3736117738227396 3
2.604046122314263 3
2.6477837239000106 1
2.5222305801697535 4
2.3752518056253775 0
2.6848055726319733 2
2.688309775062807 0
2.6408086662363237 3
2.572426887804588 1
5.999299280378632 0
5.9184495942629205 0
1.0650786028993229 7
1.0516955392135579 2
0.8242589256859795 7
0.6013200742916976 14
1.0577968966270754 4
0.9808771428637335 19
0.9830412701820113 18
1.0025948726529554 5
0.886921214234782 15
0.8377984545603138 8
1.109280298955517 8
0.9103053686092746 19
1.155357337392663 7
0.9580983966556137 8
0.7723947010089067 18
1.218693536033481 16
0.9395971442045109 11
0.8409612223503091 19
0.934034358881165 2
0.8998508205227873 12
1.1681030611940038 14
0.9851832161048173 19
1.03248944010265 14
1.1106181521539424 15
0.7791512023775189 0
0.945381695550414 1
1.1854609872226916 3
1.0837333318002345 18
0.697620089648333 15
1.125197846280316 5
0.5562661369610784 1
1.088646050888965 6
0.8294815544593509 11
0.8843218603789333 6
1.1802510794215868 1
0.9222172239420372 4
0.9161410202663499 11
1.0310483886375719 10
1.0777614880294157 14
0.9001965418284612 19
0.8555329584615274 5
1.2054193274785885 0
1.0569611279040372 4
0.7207731064792179 14
1.1415816208722729 1
1.1104848363619049 4
0.9832642815280792 5
1.0305958993028554 3
0.7796894599328639 1
0.8151946628788398 12
0.0 0
530.2198059748326 3
530.5136574145033 4
504.7986313700953 2
472.9480505492798 1
0.0 0
526.9529761719843 2
518.4642979428095 2
354.45766907126944 4
529.2921289046639 0
0.0 0
1.455816406633138 0
7.985542197440094 16
7.837296952998478 9
0.0 0
7.664216490590773 18
7.830741548053853 15
7.826878463543876 12
7.943427395735428 10
8.261769290956556 4
7.869691803949346 14
8.348370928048508 5
7.711355450089078 11
7.775430869409096 0
7.914741043524373 17
8.006132767597041 16
8.101707441660887 0
8.089337651256484 15
0.0 0
7.652557241934879 9
8.124857812275067 4
7.8431611662807015 15
8.415760386374703 12
7.3213397464354575 9
7.62795532430728 2
7.984527998392932 7
7.7089104194424785 13
7.77701555782461 10
8.089616741498324 15
5.340501808265387 18
8.238762775783227 19
7.855451261285875 6
7.457377771809523 3
7.829692159062568 0
0.0 0
7.660100905955417 17
0.0 0
8.418252230633849 8
7.959226797182097 17
8.097639971274823 0
7.778000376903738 18
7.661629572384452 0
7.991035810212743 3
8.49770775560275 3
7.93330084969595 8
7.623537281600681 19
7.864192194527204 10
7.799442185791651 1
7.948460625215777 7
7.806157218156757 5
7.6378960746409765 18
7.745240238107707 18
2.2349580099938495 3
2.3736117738227396 3
2.604046122314263 3
2.6477837239000106 1
2.5222305801697535 4
2.3752518056253775 0
2.6848055726319733 2
2.688309775062807 0
2.6408086662363237 3
2.572426887804588 1
5.999299280378632 0
5.9184495942629205 0
1.0650786028993229 7
1.0516955392135579 2
0.8242589256859795 7
0.6013200742916976 14
1.0577968966270754 4
0.9808771428637335 19
0.9830412701820113 18
1.0025948726529554 5
0.886921214234782 15
0.8377984545603138 8
1.109280298955517 8
0.9103053686092746 19
1.155357337392663 7
0.9580983966556137 8
0.7723947010089067 18
1.218693536033481 16
0.9395971442045109 11
0.8409612223503091 19
0.934034358881165 2
0.8998508205227873 12
1.1681030611940038 14
0.9851832161048173 19
1.03248944010265 14
1.1106181521539424 15
0.7791512023775189 0
0.945381695550414 1
1.1854609872226916 3
1.0837333318002345 18
0.697620089648333 15
1.125197846280316 5
0.5562661369610784 1
1.088646050888965 6
0.8294815544593509 11
0.8843218603789333 6
1.1802510794215868 1
0.9222172239420372 4
0.9161410202663499 11
1.0310483886375719 10
1.0777614880294157 14
0.9001965418284612 19
0.8555329584615274 5
1.2054193274785885 0
1.0569611279040372 4
0.7207731064792179 14
1.1415816208722729 1
1.1104848363619049 4
0.9832642815280792 5
1.0305958993028554 3
0.7796894599328639 1
0.8151946628788398 12
0.0 0
530.2198059748326 3
530.5136574145033 4
504.7986313700953 2
472.9480505492798 1
0.0 0
526.9529761719843 2
518.4642979428095 2
354.45766907126944 4
529.2921289046639 0
0.0 0
1.455816406633138 0
7.985542197440094 16
7.837296952998478 9
0.0 0
7.664216490590773 18
7.830741548053853 15
7.826878463543876 12
7.943427395735428 10
8.261769290956556 4
7.869691803949346 14
8.348370928048508 5
7.711355450089078 11
7.775430869409096 0
7.914741043524373 17
8.006132767597041 16
8.101707441660887 0
8.089337651256484 15
0.0 0
7.652557241934879 9
8.124857812275067 4
7.8431611662807015 15
8.415760386374703 12
7.3213397464354575 9
7.62795532430728 2
7.984527998392932 7
7.7089104194424785 13
7.77701555782461 10
8.089616741498324 15
5.340501808265387 18
8.238762775783227 19
7.855451261285875 6
7.457377771809523 3
7.829692159062568 0
0.0 0
7.660100905955417 17
0.0 0
8.418252230633849 8
7.959226797182097 17
8.097639971274823 0
7.778000376903738 18
7.661629572384452 0
7.991035810212743 3
8.49770775560275 3
7.93330084969595 8
7.623537281600681 19
7.864192194527204 10
7.799442185791651 1
7.948460625215777 7
7.806157218156757 5
7.6378960746409765 18
7.745240238107707 18
2.2349580099938495 3
2.3736117738227396 3
2.604046122314263 3
2.6477837239000106 1
2.5222305801697535 4
2.3752518056253775 0
2.6848055726319733 2
2.688309775062807 0
2.6408086662363237 3
2.572426887804588 1
5.999299280378632 0
5.9184495942629205 0
1.0650786028993229 7
1.0516955392135579 2
0.8242589256859795 7
0.6013200742916976 14
1.0577968966270754 4
0.9808771428637335 19
0.9830412701820113 18
1.0025948726529554 5
0.886921214234782 15
0.8377984545603138 8
1.109280298955517 8
0.9103053686092746 19
1.155357337392663 7
0.9580983966556137 8
0.7723947010089067 18
1.218693536033481 16
0.9395971442045109 11
0.8409612223503091 19
0.934034358881165 2
0.8998508205227873 12
1.1681030611940038 14
0.9851832161048173 19
1.03248944010265 14
1.1106181521539424 15
0.7791512023775189 0
0.945381695550414 1
1.1854609872226916 3
1.0837333318002345 18
0.697620089648333 15
1.125197846280316 5
0.5562661369610784 1
1.088646050888965 6
0.8294815544593509 11
0.8843218603789333 6
1.1802510794215868 1
0.9222172239420372 4
0.9161410202663499 11
1.0310483886375719 10
1.0777614880294157 14
0.9001965418284612 19
0.8555329584615274 5
1.2054193274785885 0
1.0569611279040372 4
0.7207731064792179 14
1.1415816208722729 1
1.1104848363619049 4
0.9832642815280792 5
1.0305958993028554 3
0.7796894599328639 1
0.8151946628788398 12
0.0 0
530.2198059748326 3
530.5136574145033 4
504.7986313700953 2
472.9480505492798 1
0.0 0
526.9529761719843 2
518.4642979428095 2
354.45766907126944 4
529.2921289046639 0
0.0 0
1.455816406633138 0
7.985542197440094 16
7.837296952998478 9
0.0 0
7.664216490590773 18
7.830741548053853 15
7.826878463543876 12
7.943427395735428 10
8.261769290956556 4
7.869691803949346 14
8.348370928048508 5
7.711355450089078 11
7.775430869409096 0
7.914741043524373 17
8.006132767597041 16
8.101707441660887 0
8.089337651256484 15
0.0 0
7.652557241934879 9
8.124857812275067 4
7.8431611662807015 15
8.415760386374703 12
7.3213397464354575 9
7.62795532430728 2
7.984527998392932 7
7.7089104194424785 13
7.77701555782461 10
8.089616741498324 15
5.340501808265387 18
8.238762775783227 19
7.855451261285875 6
7.457377771809523 3
7.829692159062568 0
0.0 0
7.660100905955417 17
0.0 0
8.418252230633849 8
7.959226797182097 17
8.097639971274823 0
7.778000376903738 18
7.661629572384452 0
7.991035810212743 3
8.49770775560275 3
7.93330084969595 8
7.623537281600681 19
7.864192194527204 10
7.799442185791651 1
7.948460625215777 7
7.806157218156757 5
7.6378960746409765 18
7.745240238107707 18
2.2349580099938495 3
2.3736117738227396 3
2.604046122314263 3
2.6477837239000106 1
2.5222305801697535 4
2.3752518056253775 0
2.6848055726319733 2
2.688309775062807 0
2.6408086662363237 3
2.572426887804588 1
5.999299280378632 0
5.9184495942629205 0
1.0650786028993229 7
1.0516955392135579 2
0.8242589256859795 7
0.6013200742916976 14
1.0577968966270754 4
0.9808771428637335 19
0.9830412701820113 18
1.0025948726529554 5
0.886921214234782 15
0.8377984545603138 8
1.109280298955517 8
0.9103053686092746 19
1.155357337392663 7
0.9580983966556137 8
0.7723947010089067 18
1.218693536033481 16
0.9395971442045109 11
0.8409612223503091 19
0.934034358881165 2
0.8998508205227873 12
1.1681030611940038 14
0.9851832161048173 19
1.03248944010265 14
1.1106181521539424 15
0.7791512023775189 0
0.945381695550414 1
1.1854609872226916 3
1.0837333318002345 18
0.697620089648333 15
1.125197846280316 5
0.5562661369610784 1
1.088646050888965 6
0.8294815544593509 11
0.8843218603789333 6
1.1802510794215868 1
0.9222172239420372 4
0.9161410202663499 11
1.0310483886375719 10
1.0777614880294157 14
0.9001965418284612 19
0.8555329584615274 5
1.2054193274785885 0
1.0569611279040372 4
0.7207731064792179 14
1.1415816208722729 1
1.1104848363619049 4
0.9832642815280792 5
1.0305958993028554 3
0.7796894599328639 1
0.8151946628788398 12
0.0 0
530.2198059748326 3
530.5136574145033 4
504.7986313700953 2
472.9480505492798 1
0.0 0
526.9529761719843 2
518.4642979428095 2
354.45766907126944 4
529.2921289046639 0
0.0 0
1.455816406633138 0
7.985542197440094 16
7.837296952998478 9
0.0 0
7.664216490590773 18
7.830741548053853 15
7.826878463543876 12
7.943427395735428 10
8.261769290956556 4
7.869691803949346 14
8.348370928048508 5
7.711355450089078 11
7.775430869409096 0
7.914741043524373 17
8.006132767597041 16
8.101707441660887 0
8.089337651256484 15
0.0 0
7.652557241934879 9
8.124857812275067 4
7.8431611662807015 15
8.415760386374703 12
7.3213397464354575 9
7.62795532430728 2
7.984527998392932 7
7.7089104194424785 13
7.77701555782461 10
8.089616741498324 15
5.340501808265387 18
8.238762775783227 19
7.855451261285875 6
7.457377771809523 3
7.829692159062568 0
0.0 0
7.660100905955417 17
0.0 0
8.418252230633849 8
7.959226797182097 17
8.097639971274823 0
7.778000376903738 18
7.661629572384452 0
7.991035810212743 3
8.49770775560275 3
7.93330084969595 8
7.623537281600681 19
7.864192194527204 10
7.799442185791651 1
7.948460625215777 7
7.806157218156757 5
7.6378960746409765 18
7.745240238107707 18
2.2349580099938495 3
2.3736117738227396 3
2.604046122314263 3
2.6477837239000106 1
2.5222305801697535 4
2.3752518056253775 0
2.6848055726319733 2
2.688309775062807 0
2.6408086662363237 3
2.572426887804588 1
5.999299280378632 0
5.9184495942629205 0
1.0650786028993229 7
1.0516955392135579 2
0.8242589256859795 7
0.6013200742916976 14
1.0577968966270754 4
0.9808771428637335 19
0.9830412701820113 18
1.0025948726529554 5
0.886921214234782 15
0.8377984545603138 8
1.109280298955517 8
0.9103053686092746 19
1.155357337392663 7
0.9580983966556137 8
0.7723947010089067 18
1.218693536033481 16
0.9395971442045109 11
0.8409612223503091 19
0.934034358881165 2
0.8998508205227873 12
1.1681030611940038 14
0.9851832161048173 19
1.03248944010265 14
1.1106181521539424 15
0.7791512023775189 0
0.945381695550414 1
1.1854609872226916 3
1.0837333318002345 18
0.697620089648333 15
1.125197846280316 5
0.5562661369610784 1
1.088646050888965 6
0.8294815544593509 11
0.8843218603789333 6
1.1802510794215868 1
0.9222172239420372 4
0.9161410202663499 11
1.0310483886375719 10
1.0777614880294157 14
0.9001965418284612 19
0.8555329584615274 5
1.2054193274785885 0
1.0569611279040372 4
0.7207731064792179 14
1.1415816208722729 1
1.1104848363619049 4
0.9832642815280792 5
1.0305958993028554 3
0.7796894599328639 1
0.8151946628788398 12
0.0 0
530.2198059748326 3
530.5136574145033 4
504.7986313700953 2
472.9480505492798 1
0.0 0
526.9529761719843 2
518.4642979428095 2
354.45766907126944 4
529.2921289046639 0
0.0 0
1.455816406633138 0
7.985542197440094 16
7.837296952998478 9
0.0 0
7.664216490590773 18
7.830741548053853 15
7.826878463543876 12
7.943427395735428 10
8.261769290956556 4
7.869691803949346 14
8.348370928048508 5
7.711355450089078 11
7.775430869409096 0
7.914741043524373 17
8.006132767597041 16
8.101707441660887 0
8.089337651256484 15
0.0 0
7.652557241934879 9
8.124857812275067 4
7.8431611662807015 15
8.415760386374703 12
7.3213397464354575 9
7.62795532430728 2
7.984527998392932 7
7.7089104194424785 13
7.77701555782461 10
8.089616741498324 15
5.340501808265387 18
8.238762775783227 19
7.855451261285875 6
7.457377771809523 3
7.829692159062568 0
0.0 0
7.660100905955417 17
0.0 0
8.418252230633849 8
7.959226797182097 17
8.097639971274823 0
7.778000376903738 18
7.661629572384452 0
7.991035810212743 3
8.49770775560275 3
7.93330084969595 8
7.623537281600681 19
7.864192194527204 10
7.799442185791651 1
7.948460625215777 7
7.806157218156757 5
7.6378960746409765 18
7.745240238107707 18
2.2349580099938495 3
2.3736117738227396 3
2.604046122314263 3
2.6477837239000106 1
2.5222305801697535 4
2.3752518056253775 0
2.6848055726319733 2
2.688309775062807 0
2.6408086662363237 3
2.572426887804588 1
5.999299280378632 0
5.9184495942629205 0
1.0650786028993229 7
1.0516955392135579 2
0.8242589256859795 7
0.6013200742916976 14
1.0577968966270754 4
0.9808771428637335 19
0.9830412701820113 18
1.0025948726529554 5
0.886921214234782 15
0.8377984545603138 8
1.109280298955517 8
0.9103053686092746 19
1.155357337392663 7
0.9580983966556137 8
0.7723947010089067 18
1.218693536033481 16
0.9395971442045109 11
0.8409612223503091 19
0.934034358881165 2
0.8998508205227873 12
1.1681030611940038 14
0.9851832161048173 19
1.03248944010265 14
1.1106181521539424 15
0.7791512023775189 0
0.945381695550414 1
1.1854609872226916 3
1.0837333318002345 18
0.697620089648333 15
1.125197846280316 5
0.5562661369610784 1
1.088646050888965 6
0.8294815544593509 11
0.8843218603789333 6
1.1802510794215868 1
0.9222172239420372 4
0.9161410202663499 11
1.0310483886375719 10
1.0777614880294157 14
0.9001965418284612 19
0.8555329584615274 5
1.2054193274785885 0
1.0569611279040372 4
0.7207731064792179 14
1.1415816208722729 1
1.1104848363619049 4
0.9832642815280792 5
1.0305958993028554 3
0.7796894599328639 1
0.8151946628788398 12
0.0 0
530.2198059748326 3
530.5136574145033 4
504.7986313700953 2
472.9480505492798 1
0.0 0
526.9529761719843 2
518.4642979428095 2
354.45766907126944 4
529.2921289046639 0
0.0 0
1.455816406633138 0
7.985542197440094 16
7.837296952998478 9
0.0 0
7.664216490590773 18
7.830741548053853 15
7.826878463543876 12
7.943427395735428 10
8.261769290956556 4
7.869691803949346 14
8.348370928048508 5
7.711355450089078 11
7.775430869409096 0
7.914741043524373 17
8.006132767597041 16
8.101707441660887 0
8.089337651256484 15
0.0 0
7.652557241934879 9
8.124857812275067 4
7.8431611662807015 15
8.415760386374703 12
7.3213397464354575 9
7.62795532430728 2
7.984527998392932 7
7.7089104194424785 13
7.77701555782461 10
8.089616741498324 15
5.340501808265387 18
8.238762775783227 19
7.855451261285875 6
7.457377771809523 3
7.829692159062568 0
0.0 0
7.660100905955417 17
0.0 0
8.418252230633849 8
7.959226797182097 17
8.097639971274823 0
7.778000376903738 18
7.661629572384452 0
7.991035810212743 3
8.49770775560275 3
7.93330084969595 8
7.623537281600681 19
7.864192194527204 10
7.799442185791651 1
7.948460625215777 7
7.806157218156757 5
7.6378960746409765 18
7.745240238107707 18
2.2349580099938495 3
2.3736117738227396 3
2.604046122314263 3
2.6477837239000106 1
2.5222305801697535 4
2.3752518056253775 0
2.6848055726319733 2
2.688309775062807 0
2.6408086662363237 3
2.572426887804588 1
5.999299280378632 0
5.9184495942629205 0
1.0650786028993229 7
1.0516955392135579 2
0.8242589256859795 7
0.6013200742916976 14
1.0577968966270754 4
0.9808771428637335 19
0.9830412701820113 18
1.0025948726529554 5
0.886921214234782 15
0.8377984545603138 8
1.109280298955517 8
0.9103053686092746 19
1.155357337392663 7
0.9580983966556137 8
0.7723947010089067 18
1.218693536033481 16
0.9395971442045109 11
0.8409612223503091 19
0.934034358881165 2
0.8998508205227873 12
1.1681030611940038 14
0.9851832161048173 19
1.03248944010265 14
1.1106181521539424 15
0.7791512023775189 0
0.945381695550414 1
1.1854609872226916 3
1.0837333318002345 18
0.697620089648333 15
1.125197846280316 5
0.5562661369610784 1
1.088646050888965 6
0.8294815544593509 11
0.8843218603789333 6
1.1802510794215868 1
0.9222172239420372 4
0.9161410202663499 11
1.0310483886375719 10
1.0777614880294157 14
0.9001965418284612 19
0.8555329584615274 5
1.2054193274785885 0
1.0569611279040372 4
0.7207731064792179 14
1.1415816208722729 1
1.1104848363619049 4
0.9832642815280792 5
1.0305958993028554 3
0.7796894599328639 1
0.8151946628788398 12
0.0 0
530.2198059748326 3
530.5136574145033 4
504.7986313700953 2
472.9480505492798 1
0.0 0
526.9529761719843 2
518.4642979428095 2
354.45766907126944 4
529.2921289046639 0
0.0 0
1.455816406633138 0
7.985542197440094 16
7.837296952998478 9
0.0 0
7.664216490590773 18
7.830741548053853 15
7.826878463543876 12
7.943427395735428 10
8.261769290956556 4
7.869691803949346 14
8.348370928048508 5
7.711355450089078 11
7.775430869409096 0
7.914741043524373 17
8.006132767597041 16
8.101707441660887 0
8.089337651256484 15
0.0 0
7.652557241934879 9
8.124857812275067 4
7.8431611662807015 15
8.415760386374703 12
7.3213397464354575 9
7.62795532430728 2
7.984527998392932 7
7.7089104194424785 13
7.77701555782461 10
8.089616741498324 15
5.340501808265387 18
8.238762775783227 19
7.855451261285875 6
7.457377771809523 3
7.829692159062568 0
0.0 0
7.660100905955417 17
0.0 0
8.418252230633849 8
7.959226797182097 17
8.097639971274823 0
7.778000376903738 18
7.661629572384452 0
7.991035810212743 3
8.49770775560275 3
7.93330084969595 8
7.623537281600681 19
7.864192194527204 10
7.799442185791651 1
7.948460625215777 7
7.806157218156757 5
7.6378960746409765 18
7.745240238107707 18
2.2349580099938495 3
2.3736117738227396 3
2.604046122314263 3
2.6477837239000106 1
2.5222305801697535 4
2.3752518056253775 0
2.6848055726319733 2
2.688309775062807 0
2.6408086662363237 3
2.572426887804588 1
5.999299280378632 0
5.9184495942629205 0
1.0650786028993229 7
1.0516955392135579 2
0.8242589256859795 7
0.6013200742916976 14
1.0577968966270754 4
0.9808771428637335 19
0.9830412701820113 18
1.0025948726529554 5
0.886921214234782 15
0.8377984545603138 8
1.109280298955517 8
0.9103053686092746 19
1.155357337392663 7
0.9580983966556137 8
0.7723947010089067 18
1.218693536033481 16
0.9395971442045109 11
0.8409612223503091 19
0.934034358881165 2
0.8998508205227873 12
1.1681030611940038 14
0.9851832161048173 19
1.03248944010265 14
1.1106181521539424 15
0.7791512023775189 0
0.945381695550414 1
1.1854609872226916 3
1.0837333318002345 18
0.697620089648333 15
1.125197846280316 5
0.5562661369610784 1
1.088646050888965 6
0.8294815544593509 11
0.8843218603789333 6
1.1802510794215868 1
0.9222172239420372 4
0.9161410202663499 11
1.0310483886375719 10
1.0777614880294157 14
0.9001965418284612 19
0.8555329584615274 5
1.2054193274785885 0
1.0569611279040372 4
0.7207731064792179 14
1.1415816208722729 1
1.1104848363619049 4
0.9832642815280792 5
1.0305958993028554 3
0.7796894599328639 1
0.8151946628788398 12
0.0 0
530.2198059748326 3
530.5136574145033 4
504.7986313700953 2
472.9480505492798 1
0.0 0
526.9529761719843 2
518.4642979428095 2
354.45766907126944 4
529.2921289046639 0
0.0 0
1.455816406633138 0
7.985542197440094 16
7.837296952998478 9
0.0 0
7.664216490590773 18
7.830741548053853 15
7.826878463543876 12
7.943427395735428 10
8.261769290956556 4
7.869691803949346 14
8.348370928048508 5
7.711355450089078 11
7.775430869409096 0
7.914741043524373 17
8.006132767597041 16
8.101707441660887 0
8.089337651256484 15
0.0 0
7.652557241934879 9
8.124857812275067 4
7.8431611662807015 15
8.415760386374703 12
7.3213397464354575 9
7.62795532430728 2
7.984527998392932 7
7.7089104194424785 13
7.77701555782461 10
8.089616741498324 15
5.340501808265387 18
8.238762775783227 19
7.855451261285875 6
7.457377771809523 3
7.829692159062568 0
0.0 0
7.660100905955417 17
0.0 0
8.418252230633849 8
7.959226797182097 17
8.097639971274823 0
7.778000376903738 18
7.661629572384452 0
7.991035810212743 3
8.49770775560275 3
7.93330084969595 8
7.623537281600681 19
7.864192194527204 10
7.799442185791651 1
7.948460625215777 7
7.806157218156757 5
7.6378960746409765 18
7.745240238107707 18
2.2349580099938495 3
2.3736117738227396 3
2.604046122314263 3
2.6477837239000106 1
2.5222305801697535 4
2.3752518056253775 0
2.6848055726319733 2
2.688309775062807 0
2.6408086662363237 3
2.572426887804588 1
5.999299280378632 0
5.9184495942629205 0
1.0650786028993229 7
1.0516955392135579 2
0.8242589256859795 7
0.6013200742916976 14
1.0577968966270754 4
0.9808771428637335 19
0.9830412701820113 18
1.0025948726529554 5
0.886921214234782 15
0.8377984545603138 8
1.109280298955517 8
0.9103053686092746 19
1.155357337392663 7
0.9580983966556137 8
0.7723947010089067 18
1.218693536033481 16
0.9395971442045109 11
0.8409612223503091 19
0.934034358881165 2
0.8998508205227873 12
1.1681030611940038 14
0.9851832161048173 19
1.03248944010265 14
1.1106181521539424 15
0.7791512023775189 0
0.945381695550414 1
1.1854609872226916 3
1.0837333318002345 18
0.697620089648333 15
1.125197846280316 5
0.5562661369610784 1
1.088646050888965 6
0.8294815544593509 11
0.8843218603789333 6
1.1802510794215868 1
0.9222172239420372 4
0.9161410202663499 11
1.0310483886375719 10
1.0777614880294157 14
0.9001965418284612 19
0.8555329584615274 5
1.2054193274785885 0
1.0569611279040372 4
0.7207731064792179 14
1.1415816208722729 1
1.1104848363619049 4
0.9832642815280792 5
1.0305958993028554 3
0.7796894599328639 1
0.8151946628788398 12
0.0 0
530.2198059748326 3
530.5136574145033 4
504.7986313700953 2
472.9480505492798 1
0.0 0
526.9529761719843 2
518.4642979428095 2
354.45766907126944 4
529.2921289046639 0
0.0 0
1.455816406633138 0
7.985542197440094 16
7.837296952998478 9
0.0 0
7.664216490590773 18
7.830741548053853 15
7.826878463543876 12
7.943427395735428 10
8.261769290956556 4
7.869691803949346 14
8.348370928048508 5
7.711355450089078 11
7.775430869409096 0
7.914741043524373 17
8.006132767597041 16
8.101707441660887 0
8.089337651256484 15
0.0 0
7.652557241934879 9
8.124857812275067 4
7.8431611662807015 15
8.415760386374703 12
7.3213397464354575 9
7.62795532430728 2
7.984527998392932 7
7.7089104194424785 13
7.77701555782461 10
8.089616741498324 15
5.340501808265387 18
8.238762775783227 19
7.855451261285875 6
7.457377771809523 3
7.829692159062568 0
0.0 0
7.660100905955417 17
0.0 0
8.418252230633849 8
7.959226797182097 17
8.097639971274823 0
7.778000376903738 18
7.661629572384452 0
7.991035810212743 3
8.49770775560275 3
7.93330084969595 8
7.623537281600681 19
7.864192194527204 10
7.799442185791651 1
7.948460625215777 7
7.806157218156757 5
7.6378960746409765 18
7.745240238107707 18
2.2349580099938495 3
2.3736117738227396 3
2.604046122314263 3
2.6477837239000106 1
2.5222305801697535 4
2.3752518056253775 0
2.6848055726319733 2
2.688309775062807 0
2.6408086662363237 3
2.572426887804588 1
5.999299280378632 0
5.9184495942629205 0
1.0650786028993229 7
1.0516955392135579 2
0.8242589256859795 7
0.6013200742916976 14
1.0577968966270754 4
0.9808771428637335 19
0.9830412701820113 18
1.0025948726529554 5
0.886921214234782 15
0.8377984545603138 8
1.109280298955517 8
0.9103053686092746 19
1.155357337392663 7
0.9580983966556137 8
0.7723947010089067 18
1.218693536033481 16
0.9395971442045109 11
0.8409612223503091 19
0.934034358881165 2
0.8998508205227873 12
1.1681030611940038 14
0.9851832161048173 19
1.03248944010265 14
1.1106181521539424 15
0.7791512023775189 0
0.945381695550414 1
1.1854609872226916 3
1.0837333318002345 18
0.697620089648333 15
1.125197846280316 5
0.5562661369610784 1
1.088646050888965 6
0.8294815544593509 11
0.8843218603789333 6
1.1802510794215868 1
0.9222172239420372 4
0.9161410202663499 11
1.0310483886375719 10
1.0777614880294157 14
0.9001965418284612 19
0.8555329584615274 5
1.2054193274785885 0
1.0569611279040372 4
0.7207731064792179 14
1.1415816208722729 1
1.1104848363619049 4
0.9832642815280792 5
1.0305958993028554 3
0.7796894599328639 1
0.8151946628788398 12
0.0 0
530.2198059748326 3
530.5136574145033 4
504.7986313700953 2
472.9480505492798 1
0.0 0
526.9529761719843 2
518.4642979428095 2
354.45766907126944 4
529.2921289046639 0
0.0 0
1.455816406633138 0
7.985542197440094 16
7.837296952998478 9
0.0 0
7.664216490590773 18
7.830741548053853 15
7.826878463543876 12
7.943427395735428 10
8.261769290956556 4
7.869691803949346 14
8.348370928048508 5
7.711355450089078 11
7.775430869409096 0
7.914741043524373 17
8.006132767597041 16
8.101707441660887 0
8.089337651256484 15
0.0 0
7.652557241934879 9
8.124857812275067 4
7.8431611662807015 15
8.415760386374703 12
7.3213397464354575 9
7.62795532430728 2
7.984527998392932 7
7.7089104194424785 13
7.77701555782461 10
8.089616741498324 15
5.340501808265387 18
8.238762775783227 19
7.855451261285875 6
7.457377771809523 3
7.829692159062568 0
0.0 0
7.660100905955417 17
0.0 0
8.418252230633849 8
7.959226797182097 17
8.097639971274823 0
7.778000376903738 18
7.661629572384452 0
7.991035810212743 3
8.49770775560275 3
7.93330084969595 8
7.623537281600681 19
7.864192194527204 10
7.799442185791651 1
7.948460625215777 7
7.806157218156757 5
7.6378960746409765 18
7.745240238107707 18
2.2349580099938495 3
2.3736117738227396 3
2.604046122314263 3
2.6477837239000106 1
2.5222305801697535 4
2.3752518056253775 0
2.6848055726319733 2
2.688309775062807 0
2.6408086662363237 3
2.572426887804588 1
5.999299280378632 0
5.9184495942629205 0
1.0650786028993229 7
1.0516955392135579 2
0.8242589256859795 7
0.6013200742916976 14
1.0577968966270754 4
0.9808771428637335 19
0.9830412701820113 18
1.0025948726529554 5
0.886921214234782 15
0.8377984545603138 8
1.109280298955517 8
0.9103053686092746 19
1.155357337392663 7
0.9580983966556137 8
0.7723947010089067 18
1.218693536033481 16
0.9395971442045109 11
0.8409612223503091 19
0.934034358881165 2
0.8998508205227873 12
1.1681030611940038 14
0.9851832161048173 19
1.03248944010265 14
1.1106181521539424 15
0.7791512023775189 0
0.945381695550414 1
1.1854609872226916 3
1.0837333318002345 18
0.697620089648333 15
1.125197846280316 5
0.5562661369610784 1
1.088646050888965 6
0.8294815544593509 11
0.8843218603789333 6
1.1802510794215868 1
0.9222172239420372 4
0.9161410202663499 11
1.0310483886375719 10
1.0777614880294157 14
0.9001965418284612 19
0.8555329584615274 5
1.2054193274785885 0
1.0569611279040372 4
0.7207731064792179 14
1.1415816208722729 1
1.1104848363619049 4
0.9832642815280792 5
1.0305958993028554 3
0.7796894599328639 1
0.8151946628788398 12
0.0 0
530.2198059748326 3
530.5136574145033 4
504.7986313700953 2
472.9480505492798 1
0.0 0
526.9529761719843 2
518.4642979428095 2
354.45766907126944 4
529.2921289046639 0
0.0 0
1.455816406633138 0
7.985542197440094 16
7.837296952998478 9
0.0 0
7.664216490590773 18
7.830741548053853 15
7.826878463543876 12
7.943427395735428 10
8.261769290956556 4
7.869691803949346 14
8.348370928048508 5
7.711355450089078 11
7.775430869409096 0
7.914741043524373 17
8.006132767597041 16
8.101707441660887 0
8.089337651256484 15
0.0 0
7.652557241934879 9
8.124857812275067 4
7.8431611662807015 15
8.415760386374703 12
7.3213397464354575 9
7.62795532430728 2
7.984527998392932 7
7.7089104194424785 13
7.77701555782461 10
8.089616741498324 15
5.340501808265387 18
8.238762775783227 19
7.855451261285875 6
7.457377771809523 3
7.829692159062568 0
0.0 0
7.660100905955417 17
0.0 0
8.418252230633849 8
7.959226797182097 17
8.097639971274823 0
7.778000376903738 18
7.661629572384452 0
7.991035810212743 3
8.49770775560275 3
7.93330084969595 8
7.623537281600681 19
7.864192194527204 10
7.799442185791651 1
7.948460625215777 7
7.806157218156757 5
7.6378960746409765 18
7.745240238107707 18
2.2349580099938495 3
2.3736117738227396 3
2.604046122314263 3
2.6477837239000106 1
2.5222305801697535 4
2.3752518056253775 0
2.6848055726319733 2
2.688309775062807 0
2.6408086662363237 3
2.572426887804588 1
5.999299280378632 0
5.9184495942629205 0
1.0650786028993229 7
1.0516955392135579 2
0.8242589256859795 7
0.6013200742916976 14
1.0577968966270754 4
0.9808771428637335 19
0.9830412701820113 18
1.0025948726529554 5
0.886921214234782 15
0.8377984545603138 8
1.109280298955517 8
0.9103053686092746 19
1.155357337392663 7
0.9580983966556137 8
0.7723947010089067 18
1.218693536033481 16
0.9395971442045109 11
0.8409612223503091 19
0.934034358881165 2
0.8998508205227873 12
1.1681030611940038 14
0.9851832161048173 19
1.03248944010265 14
1.1106181521539424 15
0.7791512023775189 0
0.945381695550414 1
1.1854609872226916 3
1.0837333318002345 18
0.697620089648333 15
1.125197846280316 5
0.5562661369610784 1
1.088646050888965 6
0.8294815544593509 11
0.8843218603789333 6
1.1802510794215868 1
0.9222172239420372 4
0.9161410202663499 11
1.0310483886375719 10
1.0777614880294157 14
0.9001965418284612 19
0.8555329584615274 5
1.2054193274785885 0
1.0569611279040372 4
0.7207731064792179 14
1.1415816208722729 1
1.1104848363619049 4
0.9832642815280792 5
1.0305958993028554 3
0.7796894599328639 1
0.8151946628788398 12
0.0 0
530.2198059748326 3
530.5136574145033 4
504.7986313700953 2
472.9480505492798 1
0.0 0
526.9529761719843 2
518.4642979428095 2
354.45766907126944 4
529.2921289046639 0
0.0 0
1.455816406633138 0
7.985542197440094 16
7.837296952998478 9
0.0 0
7.664216490590773 18
7.830741548053853 15
7.826878463543876 12
7.943427395735428 10
8.261769290956556 4
7.869691803949346 14
8.348370928048508 5
7.711355450089078 11
7.775430869409096 0
7.914741043524373 17
8.006132767597041 16
8.101707441660887 0
8.089337651256484 15
0.0 0
7.652557241934879 9
8.124857812275067 4
7.8431611662807015 15
8.415760386374703 12
7.3213397464354575 9
7.62795532430728 2
7.984527998392932 7
7.7089104194424785 13
7.77701555782461 10
8.089616741498324 15
5.340501808265387 18
8.238762775783227 19
7.855451261285875 6
7.457377771809523 3
7.829692159062568 0
0.0 0
7.660100905955417 17
0.0 0
8.418252230633849 8
7.959226797182097 17
8.097639971274823 0
7.778000376903738 18
7.661629572384452 0
7.991035810212743 3
8.49770775560275 3
7.93330084969595 8
7.623537281600681 19
7.864192194527204 10
7.799442185791651 1
7.948460625215777 7
7.806157218156757 5
7.6378960746409765 18
7.745240238107707 18
2.2349580099938495 3
2.3736117738227396 3
2.604046122314263 3
2.6477837239000106 1
2.5222305801697535 4
2.3752518056253775 0
2.6848055726319733 2
2.688309775062807 0
2.6408086662363237 3
2.572426887804588 1
5.999299280378632 0
5.9184495942629205 0
1.0650786028993229 7
1.0516955392135579 2
0.8242589256859795 7
0.6013200742916976 14
1.0577968966270754 4
0.9808771428637335 19
0.9830412701820113 18
1.0025948726529554 5
0.886921214234782 15
0.8377984545603138 8
1.109280298955517 8
0.9103053686092746 19
1.155357337392663 7
0.9580983966556137 8
0.7723947010089067 18
1.218693536033481 16
0.9395971442045109 11
0.8409612223503091 19
0.934034358881165 2
0.8998508205227873 12
1.1681030611940038 14
0.9851832161048173 19
1.03248944010265 14
1.1106181521539424 15
0.7791512023775189 0
0.945381695550414 1
1.1854609872226916 3
1.0837333318002345 18
0.697620089648333 15
1.125197846280316 5
0.5562661369610784 1
1.088646050888965 6
0.8294815544593509 11
0.8843218603789333 6
1.1802510794215868 1
0.9222172239420372 4
0.9161410202663499 11
1.0310483886375719 10
1.0777614880294157 14
0.9001965418284612 19
0.8555329584615274 5
1.2054193274785885 0
1.0569611279040372 4
0.7207731064792179 14
1.1415816208722729 1
1.1104848363619049 4
0.9832642815280792 5
1.0305958993028554 3
0.7796894599328639 1
0.8151946628788398 12
0.0 0
530.2198059748326 3
530.5136574145033 4
504.7986313700953 2
472.9480505492798 1
0.0 0
526.9529761719843 2
518.4642979428095 2
354.45766907126944 4
529.2921289046639 0
0.0 0
1.455816406633138 0
7.985542197440094 16
7.837296952998478 9
0.0 0
7.664216490590773 18
7.830741548053853 15
7.826878463543876 12
7.943427395735428 10
8.261769290956556 4
7.869691803949346 14
8.348370928048508 5
7.711355450089078 11
7.775430869409096 0
7.914741043524373 17
8.006132767597041 16
8.101707441660887 0
8.089337651256484 15
0.0 0
7.652557241934879 9
8.124857812275067 4
7.8431611662807015 15
8.415760386374703 12
7.3213397464354575 9
7.62795532430728 2
7.984527998392932 7
7.7089104194424785 13
7.77701555782461 10
8.089616741498324 15
5.340501808265387 18
8.238762775783227 19
7.855451261285875 6
7.457377771809523 3
7.829692159062568 0
0.0 0
7.660100905955417 17
0.0 0
8.418252230633849 8
7.959226797182097 17
8.097639971274823 0
7.778000376903738 18
7.661629572384452 0
7.991035810212743 3
8.49770775560275 3
7.93330084969595 8
7.623537281600681 19
7.864192194527204 10
7.799442185791651 1
7.948460625215777 7
7.806157218156757 5
7.6378960746409765 18
7.745240238107707 18
2.2349580099938495 3
2.3736117738227396 3
2.604046122314263 3
2.6477837239000106 1
2.5222305801697535 4
2.3752518056253775 0
2.6848055726319733 2
2.688309775062807 0
2.6408086662363237 3
2.572426887804588 1
5.999299280378632 0
5.9184495942629205 0
1.0650786028993229 7
1.0516955392135579 2
0.8242589256859795 7
0.6013200742916976 14
1.0577968966270754 4
0.9808771428637335 19
0.9830412701820113 18
1.0025948726529554 5
0.886921214234782 15
0.8377984545603138 8
1.109280298955517 8
0.9103053686092746 19
1.155357337392663 7
0.9580983966556137 8
0.7723947010089067 18
1.218693536033481 16
0.9395971442045109 11
0.8409612223503091 19
0.934034358881165 2
0.8998508205227873 12
1.1681030611940038 14
0.9851832161048173 19
1.03248944010265 14
1.1106181521539424 15
0.7791512023775189 0
0.945381695550414 1
1.1854609872226916 3
1.0837333318002345 18
0.697620089648333 15
1.125197846280316 5
0.5562661369610784 1
1.088646050888965 6
0.8294815544593509 11
0.8843218603789333 6
1.1802510794215868 1
0.9222172239420372 4
0.9161410202663499 11
1.0310483886375719 10
1.0777614880294157 14
0.9001965418284612 19
0.8555329584615274 5
1.2054193274785885 0
1.0569611279040372 4
0.7207731064792179 14
1.1415816208722729 1
1.1104848363619049 4
0.9832642815280792 5
1.0305958993028554 3
0.7796894599328639 1
0.8151946628788398 12
2.2349580099938495 3
2.3736117738227396 3
2.604046122314263 3
2.6477837239000106 1
2.5222305801697535 4
2.3752518056253775 0
2.6848055726319733 2
2.688309775062807 0
2.6408086662363237 3
2.572426887804588 1
5.999299280378632 0
5.9184495942629205 0
1.0650786028993229 7
1.0516955392135579 2
0.8242589256859795 7
0.6013200742916976 14
1.0577968966270754 4
0.9808771428637335 19
0.9830412701820113 18
1.0025948726529554 5
0.886921214234782 15
0.8377984545603138 8
1.109280298955517 8
0.9103053686092746 19
1.155357337392663 7
0.9580983966556137 8
0.7723947010089067 18
1.218693536033481 16
0.9395971442045109 11
0.8409612223503091 19
0.934034358881165 2
0.8998508205227873 12
1.1681030611940038 14
0.9851832161048173 19
1.03248944010265 14
1.1106181521539424 15
0.7791512023775189 0
0.945381695550414 1
1.1854609872226916 3
1.0837333318002345 18
0.697620089648333 15
1.125197846280316 5
0.5562661369610784 1
1.088646050888965 6
0.8294815544593509 11
0.8843218603789333 6
1.1802510794215868 1
0.9222172239420372 4
0.9161410202663499 11
1.0310483886375719 10
1.0777614880294157 14
0.9001965418284612 19
0.8555329584615274 5
1.2054193274785885 0
1.0569611279040372 4
0.7207731064792179 14
1.1415816208722729 1
1.1104848363619049 4
0.9832642815280792 5
1.0305958993028554 3
0.7796894599328639 1
0.8151946628788398 12
0.0 0
530.2198059530233 3
530.513657392694 4
504.7986313492816 2
472.9480505298188 1
0.0 0
526.952976150328 2
518.4642979214698 2
354.45766905663464 4
529.2921288828841 0
0.0 0
1.455816406633138 0
2.2349580099938495 3
2.3736117738227396 3
2.604046122314263 3
2.6477837239000106 1
2.5222305801697535 4
2.3752518056253775 0
2.6848055726319733 2
2.688309775062807 0
2.6408086662363237 3
2.572426887804588 1
5.999299280378632 0
5.9184495942629205 0
1.0650786028993229 7
1.0516955392135579 2
0.8242589256859795 7
0.6013200742916976 14
1.0577968966270754 4
0.9808771428637335 19
0.9830412701820113 18
1.0025948726529554 5
0.886921214234782 15
0.8377984545603138 8
1.109280298955517 8
0.9103053686092746 19
1.155357337392663 7
0.9580983966556137 8
0.7723947010089067 18
1.218693536033481 16
0.9395971442045109 11
0.8409612223503091 19
0.934034358881165 2
0.8998508205227873 12
1.1681030611940038 14
0.9851832161048173 19
1.03248944010265 14
1.1106181521539424 15
0.7791512023775189 0
0.945381695550414 1
1.1854609872226916 3
1.0837333318002345 18
0.697620089648333 15
1.125197846280316 5
0.5562661369610784 1
1.088646050888965 6
0.8294815544593509 11
0.8843218603789333 6
1.1802510794215868 1
0.9222172239420372 4
0.9161410202663499 11
1.0310483886375719 10
1.0777614880294157 14
0.9001965418284612 19
0.8555329584615274 5
1.2054193274785885 0
1.0569611279040372 4
0.7207731064792179 14
1.1415816208722729 1
1.1104848363619049 4
0.9832642815280792 5
1.0305958993028554 3
0.7796894599328639 1
0.8151946628788398 12
2.2349580099938495 3
2.3736117738227396 3
2.604046122314263 3
2.6477837239000106 1
2.5222305801697535 4
2.3752518056253775 0
2.6848055726319733 2
2.688309775062807 0
2.6408086662363237 3
2.572426887804588 1
5.999299280378632 0
5.9184495942629205 0
1.0650786028993229 7
1.0516955392135579 2
0.8242589256859795 7
0.6013200742916976 14
1.0577968966270754 4
0.9808771428637335 19
0.9830412701820113 18
1.0025948726529554 5
0.886921214234782 15
0.8377984545603138 8
1.109280298955517 8
0.9103053686092746 19
1.155357337392663 7
0.9580983966556137 8
0.7723947010089067 18
1.218693536033481 16
0.9395971442045109 11
0.8409612223503091 19
0.934034358881165 2
0.8998508205227873 12
1.1681030611940038 14
0.9851832161048173 19
1.03248944010265 14
1.1106181521539424 15
0.7791512023775189 0
0.945381695550414 1
1.1854609872226916 3
1.0837333318002345 18
0.697620089648333 15
1.125197846280316 5
0.5562661369610784 1
1.088646050888965 6
0.8294815544593509 11
0.8843218603789333 6
1.1802510794215868 1
0.9222172239420372 4
0.9161410202663499 11
1.0310483886375719 10
1.0777614880294157 14
0.9001965418284612 19
0.8555329584615274 5
1.2054193274785885 0
1.0569611279040372 4
0.7207731064792179 14
1.1415816208722729 1
1.1104848363619049 4
0.9832642815280792 5
1.0305958993028554 3
0.7796894599328639 1
0.8151946628788398 12
2.2349580099938495 3
2.3736117738227396 3
2.604046122314263 3
2.6477837239000106 1
2.5222305801697535 4
2.3752518056253775 0
2.6848055726319733 2
2.688309775062807 0
2.6408086662363237 3
2.572426887804588 1
5.999299280378632 0
5.9184495942629205 0
1.0650786028993229 7
1.0516955392135579 2
0.8242589256859795 7
0.6013200742916976 14
1.0577968966270754 4
0.9808771428637335 19
0.9830412701820113 18
1.0025948726529554 5
0.886921214234782 15
0.8377984545603138 8
1.109280298955517 8
0.9103053686092746 19
1.155357337392663 7
0.9580983966556137 8
0.7723947010089067 18
1.218693536033481 16
0.9395971442045109 11
0.8409612223503091 19
0.934034358881165 2
0.8998508205227873 12
1.1681030611940038 14
0.9851832161048173 19
1.03248944010265 14
1.1106181521539424 15
0.7791512023775189 0
0.945381695550414 1
1.1854609872226916 3
1.0837333318002345 18
0.697620089648333 15
1.125197846280316 5
0.5562661369610784 1
1.088646050888965 6
0.8294815544593509 11
0.8843218603789333 6
1.1802510794215868 1
0.9222172239420372 4
0.9161410202663499 11
1.0310483886375719 10
1.0777614880294157 14
0.9001965418284612 19
0.8555329584615274 5
1.2054193274785885 0
1.0569611279040372 4
0.7207731064792179 14
1.1415816208722729 1
1.1104848363619049 4
0.9832642815280792 5
1.0305958993028554 3
0.7796894599328639 1
0.8151946628788398 12
0.0 0
530.2198059530233 3
530.513657392694 4
504.7986313492816 2
472.9480505298188 1
0.0 0
526.952976150328 2
518.4642979214698 2
354.45766905663464 4
529.2921288828841 0
0.0 0
1.455816406633138 0
7.985542197440094 16
7.837296952998478 9
0.0 0
7.664216490590773 18
7.830741548053853 15
7.826878463543876 12
7.943427395735428 10
8.261769290956556 4
7.869691803949346 14
8.348370928048508 5
7.711355450089078 11
7.775430869409096 0
7.914741043524373 17
8.006132767597041 16
8.101707441660887 0
8.089337651256484 15
0.0 0
7.652557241934879 9
8.124857812275067 4
7.8431611662807015 15
8.415760386374703 12
7.3213397464354575 9
7.62795532430728 2
7.984527998392932 7
7.7089104194424785 13
7.77701555782461 10
8.089616741498324 15
5.340501808265387 18
8.238762775783227 19
7.855451261285875 6
7.457377771809523 3
7.829692159062568 0
0.0 0
7.660100905955417 17
0.0 0
8.418252230633849 8
7.959226797182097 17
8.097639971274823 0
7.778000376903738 18
7.661629572384452 0
7.991035810212743 3
8.49770775560275 3
7.93330084969595 8
7.623537281600681 19
7.864192194527204 10
7.799442185791651 1
7.948460625215777 7
7.806157218156757 5
7.6378960746409765 18
7.745240238107707 18
2.2349580099938495 3
2.3736117738227396 3
2.604046122314263 3
2.6477837239000106 1
2.5222305801697535 4
2.3752518056253775 0
2.6848055726319733 2
2.688309775062807 0
2.6408086662363237 3
2.572426887804588 1
5.999299280378632 0
5.9184495942629205 0
1.0650786028993229 7
1.0516955392135579 2
0.8242589256859795 7
0.6013200742916976 14
1.0577968966270754 4
0.9808771428637335 19
0.9830412701820113 18
1.0025948726529554 5
0.886921214234782 15
0.8377984545603138 8
1.109280298955517 8
0.9103053686092746 19
1.155357337392663 7
0.9580983966556137 8
0.7723947010089067 18
1.218693536033481 16
0.9395971442045109 11
0.8409612223503091 19
0.934034358881165 2
0.8998508205227873 12
1.1681030611940038 14
0.9851832161048173 19
1.03248944010265 14
1.1106181521539424 15
0.7791512023775189 0
0.945381695550414 1
1.1854609872226916 3
1.0837333318002345 18
0.697620089648333 15
1.125197846280316 5
0.5562661369610784 1
1.088646050888965 6
0.8294815544593509 11
0.8843218603789333 6
1.1802510794215868 1
0.9222172239420372 4
0.9161410202663499 11
1.0310483886375719 10
1.0777614880294157 14
0.9001965418284612 19
0.8555329584615274 5
1.2054193274785885 0
1.0569611279040372 4
0.7207731064792179 14
1.1415816208722729 1
1.1104848363619049 4
0.9832642815280792 5
1.0305958993028554 3
0.7796894599328639 1
0.8151946628788398 12
2.234958 3
2.3736118 3
2.6040461 3
2.6477837 1
2.5222306 4
2.3752518 0
2.6848056 2
2.6883098 0
2.6408087 3
2.5724269 1
5.9992995 0
5.9184498 0
1.0650786 7
1.0516955 2
0.82425893 7
0.60132007 14
1.0577969 4
0.98087714 19
0.98304127 18
1.0025949 5
0.88692121 15
0.83779845 8
1.1092803 8
0.91030537 19
1.1553573 7
0.9580984 8
0.7723947 18
1.2186935 16
0.93959714 11
0.84096122 19
0.93403436 2
0.89985082 12
1.1681031 14
0.98518322 19
1.0324894 14
1.1106182 15
0.7791512 0
0.9453817 1
1.185461 3
1.0837333 18
0.69762009 15
1.1251978 5
0.55626614 1
1.0886461 6
0.82948155 11
0.88432186 6
1.1802511 1
0.92221722 4
0.91614102 11
1.0310484 10
1.0777615 14
0.90019654 19
0.85553296 5
1.2054193 0
1.0569611 4
0.72077311 14
1.1415816 1
1.1104848 4
0.98326428 5
1.0305959 3
0.77968946 1
0.81519466 12
0.0 0
530.21982 3
530.51367 4
504.79865 2
472.94806 1
0.0 0
526.95299 2
518.46431 2
354.45768 4
529.29215 0
0.0 0
1.4558164 0
7.9855422 16
7.837297 9
0.0 0
7.6642165 18
7.8307416 15
7.8268785 12
7.9434274 10
8.2617693 4
7.8696918 14
8.348371 5
7.7113555 11
7.7754309 0
7.9147411 17
8.0061328 11
8.1017075 0
8.0893377 15
0.0 0
7.6525573 9
8.1248578 4
7.8431612 15
8.4157604 12
7.3213398 9
7.6279553 2
7.984528 7
7.7089105 13
7.7770156 10
8.0896168 15
5.3405018 18
8.2387628 19
7.8554513 6
7.4573778 3
7.8296922 0
0.0 0
7.6601009 17
0.0 0
8.4182523 8
7.9592268 17
8.09764 0
7.7780004 18
7.6616296 0
7.9910358 3
8.4977078 3
7.9333009 8
7.6235373 19
7.8641922 10
7.7994422 1
7.9484606 7
7.8061572 5
7.6378961 18
7.7452403 18
2.2349580099938495 3
2.3736117738227396 3
2.604046122314263 3
2.6477837239000106 1
2.5222305801697535 4
2.3752518056253775 0
2.6848055726319733 2
2.688309775062807 0
2.6408086662363237 3
2.572426887804588 1
5.999299280378632 0
5.9184495942629205 0
1.0650786028993229 7
1.0516955392135579 2
0.8242589256859795 7
0.6013200742916976 14
1.0577968966270754 4
0.9808771428637335 19
0.9830412701820113 18
1.0025948726529554 5
0.886921214234782 15
0.8377984545603138 8
1.109280298955517 8
0.9103053686092746 19
1.155357337392663 7
0.9580983966556137 8
0.7723947010089067 18
1.218693536033481 16
0.9395971442045109 11
0.8409612223503091 19
0.934034358881165 2
0.8998508205227873 12
1.1681030611940038 14
0.9851832161048173 19
1.03248944010265 14
1.1106181521539424 15
0.7791512023775189 0
0.945381695550414 1
1.1854609872226916 3
1.0837333318002345 18
0.697620089648333 15
1.125197846280316 5
0.5562661369610784 1
1.088646050888965 6
0.8294815544593509 11
0.8843218603789333 6
1.1802510794215868 1
0.9222172239420372 4
0.9161410202663499 11
1.0310483886375719 10
1.0777614880294157 14
0.9001965418284612 19
0.8555329584615274 5
1.2054193274785885 0
1.0569611279040372 4
0.7207731064792179 14
1.1415816208722729 1
1.1104848363619049 4
0.9832642815280792 5
1.0305958993028554 3
0.7796894599328639 1
0.8151946628788398 12
2.2349580099938495 3
2.3736117738227396 3
2.604046122314263 3
2.6477837239000106 1
2.5222305801697535 4
2.3752518056253775 0
2.6848055726319733 2
2.688309775062807 0
2.6408086662363237 3
2.572426887804588 1
5.999299280378632 0
5.9184495942629205 0
1.0650786028993229 7
1.0516955392135579 2
0.8242589256859795 7
0.6013200742916976 14
1.0577968966270754 4
0.9808771428637335 19
0.9830412701820113 18
1.0025948726529554 5
0.886921214234782 15
0.8377984545603138 8
1.109280298955517 8
0.9103053686092746 19
1.155357337392663 7
0.9580983966556137 8
0.7723947010089067 18
1.218693536033481 16
0.9395971442045109 11
0.8409612223503091 19
0.934034358881165 2
0.8998508205227873 12
1.1681030611940038 14
0.9851832161048173 19
1.03248944010265 14
1.1106181521539424 15
0.7791512023775189 0
0.945381695550414 1
1.1854609872226916 3
1.0837333318002345 18
0.697620089648333 15
1.125197846280316 5
0.5562661369610784 1
1.088646050888965 6
0.8294815544593509 11
0.8843218603789333 6
1.1802510794215868 1
0.9222172239420372 4
0.9161410202663499 11
1.0310483886375719 10
1.0777614880294157 14
0.9001965418284612 19
0.8555329584615274 5
1.2054193274785885 0
1.0569611279040372 4
0.7207731064792179 14
1.1415816208722729 1
1.1104848363619049 4
0.9832642815280792 5
1.0305958993028554 3
0.7796894599328639 1
0.8151946628788398 12
0.0 0
530.2198059530233 3
530.513657392694 4
504.7986313492816 2
472.9480505298188 1
0.0 0
526.952976150328 2
518.4642979214698 2
354.45766905663464 4
529.2921288828841 0
0.0 0
1.455816406633138 0
7.985542197440094 16
7.837296952998478 9
0.0 0
7.664216490590773 18
7.830741548053853 15
7.826878463543876 12
7.943427395735428 10
8.261769290956556 4
7.869691803949346 14
8.348370928048508 5
7.711355450089078 11
7.775430869409096 0
7.914741043524373 17
8.006132767597041 16
8.101707441660887 0
8.089337651256484 15
0.0 0
7.652557241934879 9
8.124857812275067 4
7.8431611662807015 15
8.415760386374703 12
7.3213397464354575 9
7.62795532430728 2
7.984527998392932 7
7.7089104194424785 13
7.77701555782461 10
8.089616741498324 15
5.340501808265387 18
8.238762775783227 19
7.855451261285875 6
7.457377771809523 3
7.829692159062568 0
0.0 0
7.660100905955417 17
0.0 0
8.418252230633849 8
7.959226797182097 17
8.097639971274823 0
7.778000376903738 18
7.661629572384452 0
7.991035810212743 3
8.49770775560275 3
7.93330084969595 8
7.623537281600681 19
7.864192194527204 10
7.799442185791651 1
7.948460625215777 7
7.806157218156757 5
7.6378960746409765 18
7.745240238107707 18
2.2349580099938495 3
2.3736117738227396 3
2.604046122314263 3
2.6477837239000106 1
2.5222305801697535 4
2.3752518056253775 0
2.6848055726319733 2
2.688309775062807 0
2.6408086662363237 3
2.572426887804588 1
5.999299280378632 0
5.9184495942629205 0
1.0650786028993229 7
1.0516955392135579 2
0.8242589256859795 7
0.6013200742916976 14
1.0577968966270754 4
0.9808771428637335 19
0.9830412701820113 18
1.0025948726529554 5
0.886921214234782 15
0.8377984545603138 8
1.109280298955517 8
0.9103053686092746 19
1.155357337392663 7
0.9580983966556137 8
0.7723947010089067 18
1.218693536033481 16
0.9395971442045109 11
0.8409612223503091 19
0.934034358881165 2
0.8998508205227873 12
1.1681030611940038 14
0.9851832161048173 19
1.03248944010265 14
1.1106181521539424 15
0.7791512023775189 0
0.945381695550414 1
1.1854609872226916 3
1.0837333318002345 18
0.697620089648333 15
1.125197846280316 5
0.5562661369610784 1
1.088646050888965 6
0.8294815544593509 11
0.8843218603789333 6
1.1802510794215868 1
0.9222172239420372 4
0.9161410202663499 11
1.0310483886375719 10
1.0777614880294157 14
0.9001965418284612 19
0.8555329584615274 5
1.2054193274785885 0
1.0569611279040372 4
0.7207731064792179 14
1.1415816208722729 1
1.1104848363619049 4
0.9832642815280792 5
1.0305958993028554 3
0.7796894599328639 1
0.8151946628788398 12
2.2349580099938495 3
2.3736117738227396 3
2.604046122314263 3
2.6477837239000106 1
2.5222305801697535 4
2.3752518056253775 0
2.6848055726319733 2
2.688309775062807 0
2.6408086662363237 3
2.572426887804588 1
5.999299280378632 0
5.9184495942629205 0
1.0650786028993229 7
1.0516955392135579 2
0.8242589256859795 7
0.6013200742916976 14
1.0577968966270754 4
0.9808771428637335 19
0.9830412701820113 18
1.0025948726529554 5
0.886921214234782 15
0.8377984545603138 8
1.109280298955517 8
0.9103053686092746 19
1.155357337392663 7
0.9580983966556137 8
0.7723947010089067 18
1.218693536033481 16
0.9395971442045109 11
0.8409612223503091 19
0.934034358881165 2
0.8998508205227873 12
1.1681030611940038 14
0.9851832161048173 19
1.03248944010265 14
1.1106181521539424 15
0.7791512023775189 0
0.945381695550414 1
1.1854609872226916 3
1.0837333318002345 18
0.697620089648333 15
1.125197846280316 5
0.5562661369610784 1
1.088646050888965 6
0.8294815544593509 11
0.8843218603789333 6
1.1802510794215868 1
0.9222172239420372 4
0.9161410202663499 11
1.0310483886375719 10
1.0777614880294157 14
0.9001965418284612 19
0.8555329584615274 5
1.2054193274785885 0
1.0569611279040372 4
0.7207731064792179 14
1.1415816208722729 1
1.1104848363619049 4
0.9832642815280792 5
1.0305958993028554 3
0.7796894599328639 1
0.8151946628788398 12
0.0 0
530.2198059530233 3
530.513657392694 4
504.7986313492816 2
472.9480505298188 1
0.0 0
526.952976150328 2
518.4642979214698 2
354.45766905663464 4
529.2921288828841 0
0.0 0
1.455816406633138 0
7.985542197440094 16
7.837296952998478 9
0.0 0
7.664216490590773 18
7.830741548053853 15
7.826878463543876 12
7.943427395735428 10
8.261769290956556 4
7.869691803949346 14
8.348370928048508 5
7.711355450089078 11
7.775430869409096 0
7.914741043524373 17
8.006132767597041 16
8.101707441660887 0
8.089337651256484 15
0.0 0
7.652557241934879 9
8.124857812275067 4
7.8431611662807015 15
8.415760386374703 12
7.3213397464354575 9
7.62795532430728 2
7.984527998392932 7
7.7089104194424785 13
7.77701555782461 10
8.089616741498324 15
5.340501808265387 18
8.238762775783227 19
7.855451261285875 6
7.457377771809523 3
7.829692159062568 0
0.0 0
7.660100905955417 17
0.0 0
8.418252230633849 8
7.959226797182097 17
8.097639971274823 0
7.778000376903738 18
7.661629572384452 0
7.991035810212743 3
8.49770775560275 3
7.93330084969595 8
7.623537281600681 19
7.864192194527204 10
7.799442185791651 1
7.948460625215777 7
7.806157218156757 5
7.6378960746409765 18
7.745240238107707 18
2.2349580099938495 3
2.3736117738227396 3
2.604046122314263 3
2.6477837239000106 1
2.5222305801697535 4
2.3752518056253775 0
2.6848055726319733 2
2.688309775062807 0
2.6408086662363237 3
2.572426887804588 1
5.999299280378632 0
5.9184495942629205 0
1.0650786028993229 7
1.0516955392135579 2
0.8242589256859795 7
0.6013200742916976 14
1.0577968966270754 4
0.9808771428637335 19
0.9830412701820113 18
1.0025948726529554 5
0.886921214234782 15
0.8377984545603138 8
1.109280298955517 8
0.9103053686092746 19
1.155357337392663 7
0.9580983966556137 8
0.7723947010089067 18
1.218693536033481 16
0.9395971442045109 11
0.8409612223503091 19
0.934034358881165 2
0.8998508205227873 12
1.1681030611940038 14
0.9851832161048173 19
1.03248944010265 14
1.1106181521539424 15
0.7791512023775189 0
0.945381695550414 1
1.1854609872226916 3
1.0837333318002345 18
0.697620089648333 15
1.125197846280316 5
0.5562661369610784 1
1.088646050888965 6
0.8294815544593509 11
0.8843218603789333 6
1.1802510794215868 1
0.9222172239420372 4
0.9161410202663499 11
1.0310483886375719 10
1.0777614880294157 14
0.9001965418284612 19
0.8555329584615274 5
1.2054193274785885 0
1.0569611279040372 4
0.7207731064792179 14
1.1415816208722729 1
1.1104848363619049 4
0.9832642815280792 5
1.0305958993028554 3
0.7796894599328639 1
0.8151946628788398 12
2.2349580099938495 3
2.3736117738227396 3
2.604046122314263 3
2.6477837239000106 1
2.5222305801697535 4
2.3752518056253775 0
2.6848055726319733 2
2.688309775062807 0
2.6408086662363237 3
2.572426887804588 1
5.999299280378632 0
5.9184495942629205 0
1.0650786028993229 7
1.0516955392135579 2
0.8242589256859795 7
0.6013200742916976 14
1.0577968966270754 4
0.9808771428637335 19
0.9830412701820113 18
1.0025948726529554 5
0.886921214234782 15
0.8377984545603138 8
1.109280298955517 8
0.9103053686092746 19
1.155357337392663 7
0.9580983966556137 8
0.7723947010089067 18
1.218693536033481 16
0.9395971442045109 11
0.8409612223503091 19
0.934034358881165 2
0.8998508205227873 12
1.1681030611940038 14
0.9851832161048173 19
1.03248944010265 14
1.1106181521539424 15
0.7791512023775189 0
0.945381695550414 1
1.1854609872226916 3
1.0837333318002345 18
0.697620089648333 15
1.125197846280316 5
0.5562661369610784 1
1.088646050888965 6
0.8294815544593509 11
0.8843218603789333 6
1.1802510794215868 1
0.9222172239420372 4
0.9161410202663499 11
1.0310483886375719 10
1.0777614880294157 14
0.9001965418284612 19
0.8555329584615274 5
1.2054193274785885 0
1.0569611279040372 4
0.7207731064792179 14
1.1415816208722729 1
1.1104848363619049 4
0.9832642815280792 5
1.0305958993028554 3
0.7796894599328639 1
0.8151946628788398 12
0.0 0
530.2198059530233 3
530.513657392694 4
504.7986313492816 2
472.9480505298188 1
0.0 0
526.952976150328 2
518.4642979214698 2
354.45766905663464 4
529.2921288828841 0
0.0 0
1.455816406633138 0
7.985542197440094 16
7.837296952998478 9
0.0 0
7.664216490590773 18
7.830741548053853 15
7.826878463543876 12
7.943427395735428 10
8.261769290956556 4
7.869691803949346 14
8.348370928048508 5
7.711355450089078 11
7.775430869409096 0
7.914741043524373 17
8.006132767597041 16
8.101707441660887 0
8.089337651256484 15
0.0 0
7.652557241934879 9
8.124857812275067 4
7.8431611662807015 15
8.415760386374703 12
7.3213397464354575 9
7.62795532430728 2
7.984527998392932 7
7.7089104194424785 13
7.77701555782461 10
8.089616741498324 15
5.340501808265387 18
8.238762775783227 19
7.855451261285875 6
7.457377771809523 3
7.829692159062568 0
0.0 0
7.660100905955417 17
0.0 0
8.418252230633849 8
7.959226797182097 17
8.097639971274823 0
7.778000376903738 18
7.661629572384452 0
7.991035810212743 3
8.49770775560275 3
7.93330084969595 8
7.623537281600681 19
7.864192194527204 10
7.799442185791651 1
7.948460625215777 7
7.806157218156757 5
7.6378960746409765 18
7.745240238107707 18
2.2349580099938495 3
2.3736117738227396 3
2.604046122314263 3
2.6477837239000106 1
2.5222305801697535 4
2.3752518056253775 0
2.6848055726319733 2
2.688309775062807 0
2.6408086662363237 3
2.572426887804588 1
5.999299280378632 0
5.9184495942629205 0
1.0650786028993229 7
1.0516955392135579 2
0.8242589256859795 7
0.6013200742916976 14
1.0577968966270754 4
0.9808771428637335 19
0.9830412701820113 18
1.0025948726529554 5
0.886921214234782 15
0.8377984545603138 8
1.109280298955517 8
0.9103053686092746 19
1.155357337392663 7
0.9580983966556137 8
0.7723947010089067 18
1.218693536033481 16
0.9395971442045109 11
0.8409612223503091 19
0.934034358881165 2
0.8998508205227873 12
1.1681030611940038 14
0.9851832161048173 19
1.03248944010265 14
1.1106181521539424 15
0.7791512023775189 0
0.945381695550414 1
1.1854609872226916 3
1.0837333318002345 18
0.697620089648333 15
1.125197846280316 5
0.5562661369610784 1
1.088646050888965 6
0.8294815544593509 11
0.8843218603789333 6
1.1802510794215868 1
0.9222172239420372 4
0.9161410202663499 11
1.0310483886375719 10
1.0777614880294157 14
0.9001965418284612 19
0.8555329584615274 5
1.2054193274785885 0
1.0569611279040372 4
0.7207731064792179 14
1.1415816208722729 1
1.1104848363619049 4
0.9832642815280792 5
1.0305958993028554 3
0.7796894599328639 1
0.8151946628788398 12
0.0 0
530.2198059530233 3
530.513657392694 4
504.7986313492816 2
472.9480505298188 1
0.0 0
526.952976150328 2
518.4642979214698 2
354.45766905663464 4
529.2921288828841 0
0.0 0
1.455816406633138 0
7.985542197440094 16
7.837296952998478 9
0.0 0
7.664216490590773 18
7.830741548053853 15
7.826878463543876 12
7.943427395735428 10
8.261769290956556 4
7.869691803949346 14
8.348370928048508 5
7.711355450089078 11
7.775430869409096 0
7.914741043524373 17
8.006132767597041 16
8.101707441660887 0
8.089337651256484 15
0.0 0
7.652557241934879 9
8.124857812275067 4
7.8431611662807015 15
8.415760386374703 12
7.3213397464354575 9
7.62795532430728 2
7.984527998392932 7
7.7089104194424785 13
7.77701555782461 10
8.089616741498324 15
5.340501808265387 18
8.238762775783227 19
7.855451261285875 6
7.457377771809523 3
7.829692159062568 0
0.0 0
7.660100905955417 17
0.0 0
8.418252230633849 8
7.959226797182097 17
8.097639971274823 0
7.778000376903738 18
7.661629572384452 0
7.991035810212743 3
8.49770775560275 3
7.93330084969595 8
7.623537281600681 19
7.864192194527204 10
7.799442185791651 1
7.948460625215777 7
7.806157218156757 5
7.6378960746409765 18
7.745240238107707 18
