1530 4 0.040323128453919284
1529 4 0.04055226797471093
1528 4 0.05005133077555168
1527 4 0.05178473848631753
1526 4 0.061714368094305125
1525 4 0.06461629707878971
1524 4 0.07574250215739879
1523 4 0.08149343011085439
1522 4 0.09264511101647382
1521 4 0.1006535484463909
1520 4 0.11294616068712693
1519 4 0.12488895879586498
1518 4 0.13746524413663225
1517 4 0.15322023693201578
1516 2 0.16725446152605852
1515 4 0.18716062115242849
1514 4 0.20447371299394446
1513 2 0.2278109311911656
1512 2 0.24790483815092856
1511 2 0.27598266696522783
1510 4 0.3099779233968187
1509 2 0.33252015506364907
1508 2 0.375668595178352
1507 2 0.39774734269483214
1506 6 0.46206970123980085
1505 6 0.4688726829014554
1504 2 0.4584400832348734
1503 0 0.524915000380236
1502 1 0.570602972687548
1501 0 0.5755983841568867
1430 4 0.03786299365939129
1429 4 0.037170080714336154
1428 4 0.04762777022709833
1427 4 0.047870752582418935
1426 4 0.059368962214237396
1425 4 0.0600712260699168
1424 4 0.07334635167197773
1423 4 0.07672974088519019
1422 4 0.09008807595706896
1421 4 0.09524556113161237
1420 4 0.11027293135383931
1419 4 0.1200121867317019
1418 4 0.13463879245899743
1417 4 0.14752760305883525
1416 2 0.16388351781090388
1415 4 0.1825497143005544
1414 2 0.199253556899356
1413 4 0.223388255217385
1412 2 0.23988145184080328
1411 2 0.2717869877668285
1410 4 0.2979063611185025
1409 2 0.32785054736161395
1408 2 0.360094299428616
1407 2 0.39453462641333087
1406 6 0.4539403324688012
1405 6 0.4703911117822059
1404 2 0.4357261457280606
1403 0 0.5302171721012484
1402 1 0.5574907384654431
1401 0 0.5814125092493805
1330 4 0.03456542282811887
1329 4 0.033599368751477884
1328 4 0.04416601984707449
1327 4 0.04351264419095185
1326 4 0.055927814163111364
1325 4 0.05500006604440437
1324 4 0.06999806189332436
1323 4 0.07093499646500902
1322 4 0.08683943662699853
1321 4 0.08845000586930818
1320 4 0.10680958732544071
1319 4 0.11317136988235685
1318 4 0.13077733979303854
1317 4 0.13957478966001868
1316 2 0.15981183049561745
1315 4 0.17589217547273026
1314 2 0.19492603170290562
1313 4 0.21499929656863145
1312 2 0.23650967180261392
1311 4 0.26546491460665633
1310 2 0.2832260244211803
1309 2 0.3241367478134179
1308 2 0.34146479905599414
1307 2 0.3860128905325073
1306 6 0.43661244397737653
1305 6 0.47139542125330697
1304 0 0.41619875614004315
1303 2 0.5355729011123721
1302 1 0.5284388410797296
1301 0 0.5872853628781621
1230 1 0.03018741464821448
1229 1 0.029409161069858913
1228 1 0.03907461450726262
1227 1 0.038069910835974836
1226 1 0.05021106680845661
1225 1 0.04876595675170573
1224 1 0.0639634396822257
1223 1 0.06333502492314005
1222 1 0.08077219358594737
1221 1 0.07941319096512793
1220 1 0.10067602234825238
1219 1 0.10305088425323766
1218 1 0.12454103325923538
1217 1 0.12723114729237972
1216 1 0.15279016695088304
1215 1 0.1638983934199406
1214 1 0.18682717405616947
1213 1 0.20011074137725487
1212 1 0.227622789025453
1211 1 0.2533483793964914
1210 1 0.2753721663917451
1209 1 0.3073411554668335
1208 1 0.32779237365650127
1207 1 0.3797858831645669
1206 6 0.3995967199070838
1205 6 0.4618207337622906
1204 1 0.42040278397984154
1203 2 0.5360146189925632
1202 1 0.4665304319280894
1201 0 0.5932175382607698
1130 6 0.02887506505242004
1129 6 0.03840774647146106
1128 6 0.03740779045270569
1127 4 0.04954792580027654
1126 4 0.04827366410101044
1125 4 0.06334810204030897
1124 6 0.06146217474689392
1123 4 0.08017836233669459
1122 4 0.07980903941491539
1121 4 0.10074139537537653
1120 4 0.09947597671692743
1119 4 0.12467031903809445
1118 4 0.12891174135166328
1117 4 0.15329158041952481
1116 4 0.15873318817301602
1115 4 0.18720814034633648
1114 4 0.20359062582867726
1113 4 0.2281766703959946
1112 4 0.24841700841362402
1111 2 0.2775914003080452
1110 4 0.31188398321571903
1109 2 0.334707694483155
1108 2 0.3787432984356194
1107 2 0.3965680346069723
1106 6 0.4631476935079225
1105 6 0.46491154604215756
1104 2 0.45665390308038956
1103 0 0.5057756069877755
1102 1 0.5720011048018248
1101 0 0.5606990086535802
1030 6 0.025802195969641104
1029 6 0.03451063042652343
1028 6 0.03344339585214842
1027 6 0.04438038479846923
1026 6 0.04315094251007079
1025 6 0.05748730397394653
1024 6 0.05599073208806762
1023 4 0.0743679631888275
1022 4 0.07245979212693787
1021 4 0.09454527485429534
1020 6 0.09157814860790406
1019 4 0.11882146898455992
1018 4 0.1192270033017151
1017 4 0.14871028608856887
1016 4 0.14717706662830354
1015 4 0.1827436977171376
1014 4 0.19167306738140716
1013 4 0.22359509739417527
1012 4 0.23390565146358716
1011 4 0.27214690976935085
1010 4 0.300948666830841
1009 2 0.3310990422776955
1008 2 0.36428730337534326
1007 2 0.396633610218944
1006 6 0.4568263776468237
1005 6 0.46641774582507023
1004 2 0.42585461192768825
1003 0 0.5108844515028035
1002 1 0.5612254985023254
1001 0 0.5663626350036164
0930 6 0.022353120096679682
0929 6 0.029801642813964843
0928 6 0.029356930876464838
0927 6 0.03961034900200194
0926 6 0.038476977778564445
0925 6 0.05196326990185546
0924 6 0.0502176517338867
0923 4 0.06676576936787108
0922 4 0.0647371212495117
0921 6 0.08569475002133789
0920 6 0.08347604436254881
0919 4 0.11155150991173095
0918 4 0.1087027947024536
0917 4 0.14090883121977538
0916 6 0.1360461658901367
0915 4 0.1753643670311096
0914 4 0.17797601639080812
0913 4 0.21890132425275147
0912 4 0.21731037184625243
0911 4 0.2669423624683502
0910 4 0.28487656007125856
0909 2 0.32508284472544186
0908 2 0.3440156296005249
0907 2 0.3947979544211169
0906 6 0.4444522347810058
0905 6 0.467937567998291
0904 2 0.37925491009149165
0903 0 0.5160449005078823
0902 1 0.5384150636310937
0901 0 0.5720834697006226
0830 6 0.017098891874999998
0829 6 0.024306295781249994
0828 6 0.024184795781249997
0827 6 0.03354022599609374
0826 6 0.03332132349609374
0825 6 0.0442062179296875
0824 6 0.043892815429687496
0823 6 0.05844924514160156
0822 6 0.05724829076660155
0821 6 0.07773675472265623
0820 6 0.07499612970703123
0819 4 0.10106256774902342
0818 4 0.09757992845214841
0817 6 0.12688942360253905
0816 6 0.1234945568408203
0815 4 0.16695185461523437
0814 4 0.16284199555664058
0813 4 0.20953504053149413
0812 6 0.20091500755371092
0811 4 0.2572286857633301
0810 4 0.26547562053222656
0809 4 0.3211552146343506
0808 2 0.32014965289306635
0807 2 0.3884790606988769
0806 6 0.4231543609130859
0805 6 0.46944090693237306
0804 2 0.3258151755981445
0803 0 0.5212574752604872
0802 1 0.4931780669414062
0801 0 0.5778620906066895
0730 6 0.009693674999999997
0729 6 0.016638074999999995
0728 0 0.0
0727 6 0.024813956249999998
0726 0 0.0
0725 6 0.03479959687499999
0724 6 0.034702396875
0723 6 0.04924830937499999
0722 6 0.04892430937499999
0721 4 0.06662483613281249
0720 4 0.06616516113281248
0719 4 0.08603343017578126
0718 4 0.08538801767578125
0717 4 0.11492824042968748
0716 4 0.11151690292968748
0715 4 0.1522448426953125
0714 4 0.14602881972656248
0713 4 0.18681517230468747
0712 6 0.17991238886718747
0711 4 0.24813072834960934
0710 4 0.24313538159179685
0709 4 0.31013206011914063
0708 2 0.29342033935546874
0707 2 0.3736500544160156
0706 6 0.3952143442382812
0705 6 0.4703227315429687
0704 6 0.31546341650390625
0703 2 0.5265227022833203
0702 1 0.41357457480468746
0701 0 0.5836990814208984
0630 4 0.0017009999999999996
0629 1 0.006317999999999998
0628 0 0.0
0627 1 0.012514499999999998
0626 0 0.0
0625 1 0.021599999999999994
0624 0 0.0
0623 1 0.036407249999999995
0622 0 0.0
0621 1 0.0502880625
0620 0 0.0
0619 1 0.07049193749999999
0618 1 0.07016793749999999
0617 1 0.09934987499999999
0616 1 0.09853987499999999
0615 1 0.1257186796875
0614 1 0.12473767968749999
0613 1 0.16834611093749996
0612 1 0.16202158593749996
0611 1 0.22297696875
0610 1 0.21289359375
0609 1 0.26817683203125
0608 1 0.25771095703124997
0607 1 0.36193501265624994
0606 6 0.357945234375
0605 6 0.45847947216796875
0604 6 0.309268330078125
0603 2 0.5166487928296875
0602 0 0.0
0601 0 0.5895950317382812
0530 6 0.00243
0529 0 0.0
0528 6 0.010529999999999998
0527 0 0.0
0526 6 0.020857499999999998
0525 0 0.0
0524 6 0.034076249999999995
0523 0 0.0
0522 6 0.053945625
0521 0 0.0
0520 6 0.0729121875
0519 0 0.0
0518 6 0.09750984374999999
0517 6 0.09696984374999999
0516 6 0.13222921875
0515 6 0.13087921875
0514 4 0.16779421875
0513 4 0.16615921875
0512 6 0.21652087499999997
0511 6 0.20640749999999997
0510 4 0.28419339843749997
0509 4 0.2681002734375
0508 2 0.34381921875
0507 2 0.32708859375
0506 6 0.44837049375
0505 6 0.398889375
0504 2 0.38871770624999996
0503 6 0.315789375
0502 1 0.5457421548749999
0501 0 0.0
0430 0 0.0
0429 0 0.0
0428 0 0.0
0427 0 0.0
0426 0 0.0
0425 0 0.0
0424 6 0.0081
0423 0 0.0
0422 6 0.028349999999999997
0421 0 0.0
0420 6 0.045899999999999996
0419 0 0.0
0418 6 0.0739875
0417 0 0.0
0416 6 0.1134375
0415 0 0.0
0414 6 0.140859375
0413 0 0.0
0412 6 0.19531874999999999
0411 6 0.19351875
0410 4 0.2590921875
0409 4 0.2560921875
0408 2 0.31130624999999995
0407 2 0.30830624999999995
0406 6 0.42976125
0405 6 0.39885
0404 2 0.33304124999999996
0403 6 0.3157875
0402 1 0.5075297249999999
0401 0 0.0
0330 0 0.0
0329 0 0.0
0328 0 0.0
0327 0 0.0
0326 0 0.0
0325 0 0.0
0324 0 0.0
0323 0 0.0
0322 0 0.0
0321 0 0.0
0320 0 0.0
0319 0 0.0
0318 6 0.027
0317 0 0.0
0316 6 0.072
0315 0 0.0
0314 6 0.093
0313 0 0.0
0312 6 0.164625
0311 0 0.0
0310 4 0.22893750000000002
0309 0 0.0
0308 2 0.26325
0307 0 0.0
0306 6 0.40425
0305 6 0.39825
0304 6 0.31575
0303 0 0.0
0302 1 0.438195
0301 0 0.0
0230 0 0.0
0229 0 0.0
0228 0 0.0
0227 0 0.0
0226 0 0.0
0225 0 0.0
0224 0 0.0
0223 0 0.0
0222 0 0.0
0221 0 0.0
0220 0 0.0
0219 0 0.0
0218 0 0.0
0217 0 0.0
0216 0 0.0
0215 0 0.0
0214 0 0.0
0213 0 0.0
0212 6 0.09
0211 0 0.0
0210 6 0.16499999999999998
0209 0 0.0
0208 4 0.1725
0207 0 0.0
0206 6 0.39
0205 0 0.0
0204 6 0.315
0203 0 0.0
0202 1 0.33899999999999997
0201 0 0.0
0130 0 0.0
0129 0 0.0
0128 0 0.0
0127 0 0.0
0126 0 0.0
0125 0 0.0
0124 0 0.0
0123 0 0.0
0122 0 0.0
0121 0 0.0
0120 0 0.0
0119 0 0.0
0118 0 0.0
0117 0 0.0
0116 0 0.0
0115 0 0.0
0114 0 0.0
0113 0 0.0
0112 0 0.0
0111 0 0.0
0110 0 0.0
0109 0 0.0
0108 0 0.0
0107 0 0.0
0106 6 0.3
0105 0 0.0
0104 0 0.0
0103 0 0.0
0102 0 0.0
0101 0 0.0
