0.040323128453919284 3
0.04055226797471093 3
0.05005133077555168 3
0.05178473848631753 3
0.061714368094305125 3
0.06461629707878971 3
0.07574250215739879 3
0.08149343011085439 3
0.09264511101647382 3
0.1006535484463909 3
0.11294616068712693 3
0.12488895879586498 3
0.13746524413663225 3
0.15322023693201578 3
0.16725446152605852 2
0.18716062115242849 3
0.20447371299394446 3
0.2278109311911656 2
0.24790483815092856 2
0.27598266696522783 2
0.3099779233968187 3
0.33252015506364907 2
0.375668595178352 2
0.39774734269483214 2
0.46206970123980085 4
0.4688726829014554 4
0.4584400832348734 2
0.524915000380236 0
0.570602972687548 1
0.5755983841568867 0
0.0 0
0.03786299365939129 3
0.037170080714336154 3
0.04762777022709833 3
0.047870752582418935 3
0.059368962214237396 3
0.0600712260699168 3
0.07334635167197773 3
0.07672974088519019 3
0.09008807595706896 3
0.09524556113161237 3
0.11027293135383931 3
0.1200121867317019 3
0.13463879245899743 3
0.14752760305883525 3
0.16388351781090388 2
0.1825497143005544 3
0.199253556899356 2
0.223388255217385 3
0.23988145184080328 2
0.2717869877668285 2
0.2979063611185025 3
0.32785054736161395 2
0.360094299428616 2
0.39453462641333087 2
0.4539403324688012 4
0.4703911117822059 4
0.4357261457280606 2
0.5302171721012484 0
0.5574907384654431 1
0.5814125092493805 0
0.0 0
0.03456542282811887 3
0.033599368751477884 3
0.04416601984707449 3
0.04351264419095185 3
0.055927814163111364 3
0.05500006604440437 3
0.06999806189332436 3
0.07093499646500902 3
0.08683943662699853 3
0.08845000586930818 3
0.10680958732544071 3
0.11317136988235685 3
0.13077733979303854 3
0.13957478966001868 3
0.15981183049561745 2
0.17589217547273026 3
0.19492603170290562 2
0.21499929656863145 3
0.23650967180261392 2
0.26546491460665633 3
0.2832260244211803 2
0.3241367478134179 2
0.34146479905599414 2
0.3860128905325073 2
0.43661244397737653 4
0.47139542125330697 4
0.41619875614004315 0
0.5355729011123721 2
0.5284388410797296 1
0.5872853628781621 0
0.0 0
0.03018741464821448 1
0.029409161069858913 1
0.03907461450726262 1
0.038069910835974836 1
0.05021106680845661 1
0.04876595675170573 1
0.0639634396822257 1
0.06333502492314005 1
0.08077219358594737 1
0.07941319096512793 1
0.10067602234825238 1
0.10305088425323766 1
0.12454103325923538 1
0.12723114729237972 1
0.15279016695088304 1
0.1638983934199406 1
0.18682717405616947 1
0.20011074137725487 1
0.227622789025453 1
0.2533483793964914 1
0.2753721663917451 1
0.3073411554668335 1
0.32779237365650127 1
0.3797858831645669 1
0.3995967199070838 4
0.4618207337622906 4
0.42040278397984154 1
0.5360146189925632 2
0.4665304319280894 1
0.5932175382607698 0
0.0 0
0.02887506505242004 4
0.03840774647146106 4
0.03740779045270569 4
0.04954792580027654 3
0.04827366410101044 3
0.06334810204030897 3
0.06146217474689392 4
0.08017836233669459 3
0.07980903941491539 3
0.10074139537537653 3
0.09947597671692743 3
0.12467031903809445 3
0.12891174135166328 3
0.15329158041952481 3
0.15873318817301602 3
0.18720814034633648 3
0.20359062582867726 3
0.2281766703959946 3
0.24841700841362402 3
0.2775914003080452 2
0.31188398321571903 3
0.334707694483155 2
0.3787432984356194 2
0.3965680346069723 2
0.4631476935079225 4
0.46491154604215756 4
0.45665390308038956 2
0.5057756069877755 0
0.5720011048018248 1
0.5606990086535802 0
0.0 0
0.025802195969641104 4
0.03451063042652343 4
0.03344339585214842 4
0.04438038479846923 4
0.04315094251007079 4
0.05748730397394653 4
0.05599073208806762 4
0.0743679631888275 3
0.07245979212693787 3
0.09454527485429534 3
0.09157814860790406 4
0.11882146898455992 3
0.1192270033017151 3
0.14871028608856887 3
0.14717706662830354 3
0.1827436977171376 3
0.19167306738140716 3
0.22359509739417527 3
0.23390565146358716 3
0.27214690976935085 3
0.300948666830841 3
0.3310990422776955 2
0.36428730337534326 2
0.396633610218944 2
0.4568263776468237 4
0.46641774582507023 4
0.42585461192768825 2
0.5108844515028035 0
0.5612254985023254 1
0.5663626350036164 0
0.0 0
0.022353120096679682 4
0.029801642813964843 4
0.029356930876464838 4
0.03961034900200194 4
0.038476977778564445 4
0.05196326990185546 4
0.0502176517338867 4
0.06676576936787108 3
0.0647371212495117 3
0.08569475002133789 4
0.08347604436254881 4
0.11155150991173095 3
0.1087027947024536 3
0.14090883121977538 3
0.1360461658901367 4
0.1753643670311096 3
0.17797601639080812 3
0.21890132425275147 3
0.21731037184625243 3
0.2669423624683502 3
0.28487656007125856 3
0.32508284472544186 2
0.3440156296005249 2
0.3947979544211169 2
0.4444522347810058 4
0.467937567998291 4
0.37925491009149165 2
0.5160449005078823 0
0.5384150636310937 1
0.5720834697006226 0
0.0 0
0.017098891874999998 4
0.024306295781249994 4
0.024184795781249997 4
0.03354022599609374 4
0.03332132349609374 4
0.0442062179296875 4
0.043892815429687496 4
0.05844924514160156 4
0.05724829076660155 4
0.07773675472265623 4
0.07499612970703123 4
0.10106256774902342 3
0.09757992845214841 3
0.12688942360253905 4
0.1234945568408203 4
0.16695185461523437 3
0.16284199555664058 3
0.20953504053149413 3
0.20091500755371092 4
0.2572286857633301 3
0.26547562053222656 3
0.3211552146343506 3
0.32014965289306635 2
0.3884790606988769 2
0.4231543609130859 4
0.46944090693237306 4
0.3258151755981445 2
0.5212574752604872 0
0.4931780669414062 1
0.5778620906066895 0
0.0 0
0.009693674999999997 4
0.016638074999999995 4
0.016638074999999995 4
0.024813956249999998 4
0.024813956249999998 4
0.03479959687499999 4
0.034702396875 4
0.04924830937499999 4
0.04892430937499999 4
0.06662483613281249 3
0.06616516113281248 3
0.08603343017578126 3
0.08538801767578125 3
0.11492824042968748 3
0.11151690292968748 3
0.1522448426953125 3
0.14602881972656248 3
0.18681517230468747 3
0.17991238886718747 4
0.24813072834960934 3
0.24313538159179685 3
0.31013206011914063 3
0.29342033935546874 2
0.3736500544160156 2
0.3952143442382812 4
0.4703227315429687 4
0.31546341650390625 4
0.5265227022833203 2
0.41357457480468746 1
0.5836990814208984 0
0.0 0
0.0017009999999999996 3
0.006317999999999998 1
0.006317999999999998 1
0.012514499999999998 1
0.012514499999999998 1
0.021599999999999994 1
0.021599999999999994 1
0.036407249999999995 1
0.036407249999999995 1
0.0502880625 1
0.0502880625 1
0.07049193749999999 1
0.07016793749999999 1
0.09934987499999999 1
0.09853987499999999 1
0.1257186796875 1
0.12473767968749999 1
0.16834611093749996 1
0.16202158593749996 1
0.22297696875 1
0.21289359375 1
0.26817683203125 1
0.25771095703124997 1
0.36193501265624994 1
0.357945234375 4
0.45847947216796875 4
0.309268330078125 4
0.5166487928296875 2
0.309268330078125 4
0.5895950317382812 0
0.0 0
0.00243 4
0.00243 4
0.010529999999999998 4
0.010529999999999998 4
0.020857499999999998 4
0.020857499999999998 4
0.034076249999999995 4
0.034076249999999995 4
0.053945625 4
0.053945625 4
0.0729121875 4
0.0729121875 4
0.09750984374999999 4
0.09696984374999999 4
0.13222921875 4
0.13087921875 4
0.16779421875 3
0.16615921875 3
0.21652087499999997 4
0.20640749999999997 4
0.28419339843749997 3
0.2681002734375 3
0.34381921875 2
0.32708859375 2
0.44837049375 4
0.398889375 4
0.38871770624999996 2
0.315789375 4
0.5457421548749999 1
0.315789375 4
0.0 0
0.0 0
0.0 0
0.0 0
0.0 0
0.0 0
0.0 0
0.0081 4
0.0081 4
0.028349999999999997 4
0.028349999999999997 4
0.045899999999999996 4
0.045899999999999996 4
0.0739875 4
0.0739875 4
0.1134375 4
0.1134375 4
0.140859375 4
0.140859375 4
0.19531874999999999 4
0.19351875 4
0.2590921875 3
0.2560921875 3
0.31130624999999995 2
0.30830624999999995 2
0.42976125 4
0.39885 4
0.33304124999999996 2
0.3157875 4
0.5075297249999999 1
0.3157875 4
0.0 0
0.0 0
0.0 0
0.0 0
0.0 0
0.0 0
0.0 0
0.0 0
0.0 0
0.0 0
0.0 0
0.0 0
0.0 0
0.027 4
0.027 4
0.072 4
0.072 4
0.093 4
0.093 4
0.164625 4
0.164625 4
0.22893750000000002 3
0.22893750000000002 3
0.26325 2
0.26325 2
0.40425 4
0.39825 4
0.31575 4
0.31575 4
0.438195 1
0.31575 4
0.0 0
0.0 0
0.0 0
0.0 0
0.0 0
0.0 0
0.0 0
0.0 0
0.0 0
0.0 0
0.0 0
0.0 0
0.0 0
0.0 0
0.0 0
0.0 0
0.0 0
0.0 0
0.0 0
0.09 4
0.09 4
0.16499999999999998 4
0.16499999999999998 4
0.1725 3
0.1725 3
0.39 4
0.39 4
0.315 4
0.315 4
0.33899999999999997 1
0.315 4
0.0 0
0.0 0
0.0 0
0.0 0
0.0 0
0.0 0
0.0 0
0.0 0
0.0 0
0.0 0
0.0 0
0.0 0
0.0 0
0.0 0
0.0 0
0.0 0
0.0 0
0.0 0
0.0 0
0.0 0
0.0 0
0.0 0
0.0 0
0.0 0
0.0 0
0.3 4
0.3 4
0.3 4
0.3 4
0.3 4
0.3 4
0.0 0
0.0 0
0.0 0
0.0 0
0.0 0
0.0 0
0.0 0
0.0 0
0.0 0
0.0 0
0.0 0
0.0 0
0.0 0
0.0 0
0.0 0
0.0 0
0.0 0
0.0 0
0.0 0
0.0 0
0.0 0
0.0 0
0.0 0
0.0 0
0.0 0
0.0 0
0.0 0
0.0 0
0.0 0
0.0 0
0.0 0
0.0 0
0.021148016304258194 1
0.027377727132133364 1
0.027291710270467832 1
0.034390897410390434 1
0.03440605828773032 1
0.04279934097818508 1
0.044108263179571325 1
0.05289769966271067 1
0.05494806187892884 1
0.06502022217783529 1
0.06965843488453705 1
0.07960786379001827 1
0.08587413090319358 1
0.09712438629830139 1
0.10714544981370427 1
0.11828380823000817 1
0.13124088674196432 1
0.1429085520332319 1
0.16096985324290364 1
0.17543409444883426 1
0.19506894992442414 1
0.2116346708971946 1
0.2350539003858251 1
0.2660770859985857 1
0.28095274381965596 1
0.2593742222074754 1
0.31785144694600365 1
0.3247458829952159 1
0.35506080111848093 1
0.5992228075441748 1
0.0 0
0.019224629430352358 1
0.025379502125257303 1
0.024907141472161956 1
0.03234009754680375 1
0.03167826269736406 1
0.04078522426984916 1
0.04089229426033334 1
0.05097245647682616 1
0.05128260387886455 1
0.06311432778705482 1
0.06574363962706355 1
0.07764884431438464 1
0.08147007934968098 1
0.09511484565123317 1
0.10317148520265698 1
0.11616993171399911 1
0.1265874427611865 1
0.14120802024781512 1
0.1574659542142478 1
0.16991789074505553 1
0.1923333191035171 1
0.20426482296390297 1
0.23227577461553608 1
0.2555985635274274 1
0.27881620507021004 1
0.25593844682520717 1
0.31738668642142787 1
0.3084982828551326 1
0.36541629373323525 1
0.5979274867844662 1
0.0 0
0.017666309729461732 1
0.023512652486944993 1
0.02290639973481337 1
0.03031244596169865 1
0.029475301148566464 1
0.03876253615960673 1
0.03811112156254655 1
0.049087113977871244 1
0.048303604474330616 1
0.061495286773372154 1
0.0621450024564793 1
0.07628624504532049 1
0.07767875527246391 1
0.09382775790767099 1
0.09923178506768839 1
0.11486045286775867 1
0.1225672174611992 1
0.14004504885822638 1
0.1544442966313378 1
0.16988835089896787 1
0.1887521031292943 1
0.20324139551441375 1
0.23338917510892226 1
0.24498372542909638 1
0.2721144589339198 1
0.266303768727176 1
0.3107915960114355 1
0.2942232465339572 1
0.3871580870771319 1
0.5944732980919097 1
0.0 0
0.017700998208705705 1
0.02362579212459069 1
0.023013821790194147 1
0.030622122422739793 1
0.02983484631113817 1
0.03940332341005891 1
0.03829463257698407 1
0.05012677702170928 1
0.049396420966420385 1
0.0633114090474067 1
0.0626691222973738 1
0.07888895352828591 1
0.07991220010085738 1
0.09741718746957294 1
0.10071970009389508 1
0.11946736692452033 1
0.12673517185260968 1
0.14583067459648405 1
0.1585030782870761 1
0.17766343600550255 1
0.1959977862112846 1
0.21418468104860208 1
0.24258525045922574 1
0.2536932145705066 1
0.2638178233948288 1
0.28974059929262774 1
0.29276297037126486 1
0.31806489216246314 1
0.4392040272782486 1
0.5852621282450926 1
0.0 0
0.018796754645625913 1
0.018327596837461844 1
0.024594365860780787 1
0.023962400987812035 1
0.03211106732702957 1
0.03128592606202468 1
0.04172742705318146 1
0.040656845458396915 1
0.05349304305453015 1
0.0519147498288723 1
0.06808902875104132 1
0.06764168274273605 1
0.08570022370400132 1
0.08418745891728974 1
0.10648758616600303 1
0.10985267874403754 1
0.1313715047857177 1
0.13436983244494857 1
0.16070512852796287 1
0.17425786701857898 1
0.19617776237329493 1
0.21077678001437328 1
0.23645145497978387 1
0.26815070278898256 1
0.27994720424771186 1
0.2403665022116209 1
0.30773005207151644 1
0.3240473512429835 1
0.3423974387787929 1
0.5992096346068382 1
0.0 0
0.015614048628479003 1
0.015430195714416502 1
0.021204590830279535 1
0.020748793457427975 1
0.02814220889813232 1
0.027438404077331537 1
0.036905175619656366 1
0.035958462428787225 1
0.04810283995778503 1
0.04686118426908874 1
0.06274927435155028 1
0.061150817345581046 1
0.079823643788768 1
0.07732282381780242 1
0.10122319872553712 1
0.10126740926935958 1
0.12672891536773864 1
0.12441390172294234 1
0.15640009963855017 1
0.16373897855203629 1
0.19204165738442433 1
0.19778410999631882 1
0.23390360306047964 1
0.25824216312379644 1
0.280108132168828 1
0.21512272730330081 1
0.309729020687907 1
0.302900771478964 1
0.3466972017398315 1
0.5978923589515686 1
0.0 0
0.011835820195312497 1
0.011790257695312499 1
0.016935226545410152 1
0.016853138107910157 1
0.023082620493164063 1
0.02295142580566406 1
0.03164803228454589 1
0.031152111893920895 1
0.04257948986608886 1
0.041487113688354484 1
0.055779888359069815 1
0.054366051552429184 1
0.07195421888360595 1
0.07014803095733642 1
0.094564162903656 1
0.09207040832748412 1
0.11904245006121825 1
0.11446003274826048 1
0.15012456990111694 1
0.15176071606750488 1
0.18702824163302306 1
0.18340866372299192 1
0.22894498707349545 1
0.24419353354911802 1
0.27901745111858367 1
0.1944056960506439 1
0.30989915465986956 1
0.26932032697947694 1
0.35244240160559465 1
0.5943796238708496 1
0.0 0
0.007255891406249998 1
0.007255891406249998 1
0.011620378125 1
0.011620378125 1
0.017347436718749994 1
0.017310986718749997 1
0.025945507617187495 1
0.0258240076171875 1
0.03580855158691405 1
0.035636173461914056 1
0.04768380120849609 1
0.04739620902099609 1
0.06498849342041015 1
0.06356685904541015 1
0.08521924646118165 1
0.08267909331665038 1
0.10791149296508787 1
0.10431174644165038 1
0.1431035006396484 1
0.13921962231445312 1
0.17758676305371093 1
0.1689401170349121 1
0.2220409048304443 1
0.2280283952178955 1
0.2746056293838501 1
0.19260001387023926 1
0.30514027049916503 1
0.2250094716705322 1
0.36198431367489625 1
0.5850123303222656 1
0.0 0
0.0027109687499999994 1
0.0027109687499999994 1
0.006173718749999999 1
0.006173718749999999 1
0.011460234374999996 1
0.011460234374999996 1
0.019939710937499997 1
0.019939710937499997 1
0.028864634765625 1
0.028864634765625 1
0.041123373046874995 1
0.041001873046875 1
0.05837440869140625 1
0.05799472119140624 1
0.07500648120117187 1
0.07444876245117188 1
0.10094880893554686 1
0.09825226831054686 1
0.1334786066894531 1
0.1281169445800781 1
0.16343264135742186 1
0.15708663940429687 1
0.2184590251318359 1
0.2128613763427734 1
0.2619589468139648 1
0.19813662048339845 1
0.2871846857144531 1
0.18645068298339845 1
0.3815924217121582 1
0.560032880859375 1
0.0 0
0.00091125 1
0.00091125 1
0.003948749999999999 1
0.003948749999999999 1
0.008960624999999998 1
0.008960624999999998 1
0.016765312499999997 1
0.016765312499999997 1
0.026684296875 1
0.026684296875 1
0.039170390625 1
0.039170390625 1
0.056315214843749996 1
0.056112714843749995 1
0.07429860351562499 1
0.073792353515625 1
0.100850712890625 1
0.09998446289062499 1
0.132965982421875 1
0.128751591796875 1
0.16764354492187497 1
0.161186748046875 1
0.2206223876953125 1
0.20968510253906247 1
0.2400777193359375 1
0.2190959912109375 1
0.24917703574218747 1
0.1879334912109375 1
0.4279847594941406 1
0.49342101562499996 1
0.0 0
0.0 0
0.0 0
0.0 0
0.0 0
0.0 0
0.0030375 1
0.0030375 1
0.010631249999999998 1
0.010631249999999998 1
0.0172125 1
0.0172125 1
0.0315421875 1
0.0315421875 1
0.0526640625 1
0.0526640625 1
0.065900390625 1
0.065900390625 1
0.101141015625 1
0.10046601562499999 1
0.138055078125 1
0.13693007812500002 1
0.16285605468749997 1
0.1617310546875 1
0.2445071484375 1
0.23207167968749998 1
0.19183675781249998 1
0.1853666015625 1
0.2757543890625 1
0.1853666015625 1
0.595550537109375 1
0.0 0
0.0 0
0.0 0
0.0 0
0.0 0
0.0 0
0.0 0
0.0 0
0.0 0
0.0 0
0.0 0
0.0 0
0.010125 1
0.010125 1
0.026999999999999996 1
0.026999999999999996 1
0.034875 1
0.034875 1
0.07439062499999999 1
0.07439062499999999 1
0.1090546875 1
0.1090546875 1
0.1229765625 1
0.1229765625 1
0.22225781249999998 1
0.22000781249999998 1
0.1785234375 1
0.1785234375 1
0.2278153125 1
0.1785234375 1
0.588134765625 1
0.0 0
0.0 0
0.0 0
0.0 0
0.0 0
0.0 0
0.0 0
0.0 0
0.0 0
0.0 0
0.0 0
0.0 0
0.0 0
0.0 0
0.0 0
0.0 0
0.0 0
0.0 0
0.03375 1
0.03375 1
0.06187499999999999 1
0.06187499999999999 1
0.0646875 1
0.0646875 1
0.18843749999999998 1
0.18843749999999998 1
0.1603125 1
0.1603125 1
0.16931249999999998 1
0.1603125 1
0.568359375 1
0.0 0
0.0 0
0.0 0
0.0 0
0.0 0
0.0 0
0.0 0
0.0 0
0.0 0
0.0 0
0.0 0
0.0 0
0.0 0
0.0 0
0.0 0
0.0 0
0.0 0
0.0 0
0.0 0
0.0 0
0.0 0
0.0 0
0.0 0
0.0 0
0.11249999999999999 1
0.11249999999999999 1
0.11249999999999999 1
0.11249999999999999 1
0.11249999999999999 1
0.11249999999999999 1
0.515625 1
0.0 0
0.0 0
0.0 0
0.0 0
0.0 0
0.0 0
0.0 0
0.0 0
0.0 0
0.0 0
0.0 0
0.0 0
0.0 0
0.0 0
0.0 0
0.0 0
0.0 0
0.0 0
0.0 0
0.0 0
0.0 0
0.0 0
0.0 0
0.0 0
0.0 0
0.0 0
0.0 0
0.0 0
0.0 0
0.0 0
0.375 1
0.0 0
0.0 0
0.0 0
0.0 0
0.0 0
0.0 0
0.0 0
0.0 0
0.0 0
0.0 0
0.0 0
0.0 0
0.0 0
0.0 0
0.0 0
0.0 0
0.0 0
0.0 0
0.0 0
0.0 0
0.0 0
0.0 0
0.0 0
0.0 0
0.0 0
0.0 0
0.0 0
0.0 0
0.0 0
0.0 0
0.0 0
0.0 0
0.0 0
0.0 0
0.0 0
0.0 0
0.0 0
0.0 0
0.0 0
0.0 0
0.0 0
0.0 0
0.0 0
0.0 0
0.0 0
0.0 0
0.0 0
0.0 0
0.0 0
0.0 0
0.0 0
0.0 0
0.0 0
0.0 0
0.0 0
0.0 0
0.0 0
0.0 0
0.0 0
0.0 0
0.0 0
0.0 0
0.0 0
0.0 0
0.0 0
0.0 0
0.0 0
0.0 0
0.0 0
0.0 0
0.0 0
0.0 0
0.0 0
0.0 0
0.0 0
0.0 0
0.0 0
0.0 0
0.0 0
0.0 0
0.0 0
0.0 0
0.0 0
0.0 0
0.0 0
0.0 0
0.0 0
0.0 0
0.0 0
0.0 0
0.0 0
0.0 0
0.0 0
0.0 0
0.0 0
0.0 0
0.0 0
0.0 0
0.0 0
0.0 0
0.0 0
0.0 0
0.0 0
0.0 0
0.0 0
0.0 0
0.0 0
0.0 0
0.0 0
0.0 0
0.0 0
0.0 0
0.0 0
0.0 0
0.0 0
0.0 0
0.0 0
0.0 0
0.0 0
0.0 0
0.0 0
0.0 0
0.0 0
0.0 0
0.0 0
0.0 0
0.0 0
0.0 0
0.0 0
0.0 0
0.0 0
0.0 0
0.0 0
0.0 0
0.0 0
0.0 0
0.0 0
0.0 0
0.0 0
0.0 0
0.0 0
0.0 0
0.0 0
0.0 0
0.0 0
0.0 0
0.0 0
0.0 0
0.0 0
0.0 0
0.0 0
0.0 0
0.0 0
0.0 0
0.0 0
0.0 0
0.0 0
0.0 0
0.0 0
0.0 0
0.0 0
0.0 0
0.0 0
0.0 0
0.0 0
0.0 0
0.0 0
0.0 0
0.0 0
0.0 0
0.0 0
0.0 0
0.0 0
0.0 0
0.0 0
0.0 0
0.0 0
0.0 0
0.0 0
0.0 0
0.0 0
0.0 0
0.0 0
0.0 0
0.0 0
0.0 0
0.0 0
0.0 0
0.0 0
0.0 0
0.0 0
0.0 0
0.0 0
0.0 0
0.0 0
0.0 0
0.0 0
0.0 0
0.0 0
0.0 0
0.0 0
0.0 0
0.0 0
0.0 0
0.0 0
0.0 0
0.0 0
0.0 0
0.0 0
0.0 0
0.0 0
0.0 0
0.0 0
0.0 0
0.0 0
0.0 0
0.0 0
0.0 0
0.0 0
0.0 0
0.0 0
0.0 0
0.0 0
0.0 0
0.0 0
0.0 0
0.0 0
0.0 0
0.0 0
0.0 0
0.0 0
0.0 0
0.0 0
0.0 0
0.0 0
0.0 0
0.0 0
0.0 0
0.0 0
0.0 0
0.0 0
0.0 0
0.0 0
0.0 0
0.0 0
0.0 0
0.0 0
0.0 0
0.0 0
0.0 0
0.0 0
0.0 0
0.0 0
0.0 0
0.0 0
0.0 0
0.0 0
0.0 0
0.0 0
0.0 0
0.0 0
0.0 0
0.0 0
0.0 0
0.0 0
0.0 0
0.0 0
0.0 0
0.0 0
0.0 0
0.0 0
0.0 0
0.0 0
0.0 0
0.0 0
0.0 0
0.0 0
0.0 0
0.0 0
0.0 0
0.0 0
0.0 0
0.0 0
0.0 0
0.0 0
0.0 0
0.0 0
0.0 0
0.0 0
0.0 0
0.0 0
0.0 0
0.0 0
0.0 0
0.0 0
0.0 0
0.0 0
0.0 0
0.0 0
0.0 0
0.0 0
0.0 0
0.0 0
0.0 0
0.0 0
0.0 0
0.0 0
0.0 0
0.0 0
0.0 0
0.0 0
0.0 0
0.0 0
0.0 0
0.0 0
0.0 0
0.0 0
0.0 0
0.0 0
0.0 0
0.0 0
0.0 0
0.0 0
0.0 0
0.0 0
0.0 0
0.0 0
0.0 0
0.0 0
0.0 0
0.0 0
0.0 0
0.0 0
0.0 0
0.0 0
0.0 0
0.0 0
0.0 0
0.0 0
0.0 0
0.0 0
0.0 0
0.0 0
0.0 0
0.0 0
0.0 0
0.0 0
0.0 0
0.0 0
0.0 0
0.0 0
0.0 0
0.0 0
0.0 0
0.0 0
0.0 0
0.0 0
0.0 0
0.0 0
0.0 0
0.0 0
0.0 0
0.0 0
0.0 0
0.0 0
0.0 0
0.0 0
0.0 0
0.0 0
0.0 0
0.0 0
0.0 0
0.0 0
0.0 0
0.0 0
0.0 0
0.0 0
0.0 0
0.0 0
0.0 0
0.0 0
0.0 0
0.0 0
0.0 0
0.0 0
0.0 0
0.0 0
0.0 0
0.0 0
0.0 0
0.0 0
0.0 0
0.0 0
0.0 0
0.0 0
0.0 0
0.0 0
0.0 0
0.0 0
0.0 0
0.0 0
0.0 0
0.0 0
0.0 0
0.0 0
0.0 0
0.0 0
0.0 0
0.0 0
0.0 0
0.0 0
0.0 0
0.0 0
0.0 0
0.0 0
0.0 0
0.0 0
0.0 0
0.0 0
0.0 0
0.0 0
0.0 0
0.0 0
0.0 0
0.0 0
0.0 0
0.0 0
0.0 0
0.0 0
0.0 0
0.0 0
0.0 0
0.0 0
0.0 0
0.0 0
0.0 0
0.0 0
0.0 0
0.0 0
0.0 0
0.0 0
0.0 0
0.0 0
0.0 0
0.0 0
0.0 0
0.0 0
0.0 0
0.0 0
0.0 0
0.0 0
0.0 0
0.0 0
0.0 0
0.0 0
0.0 0
0.0 0
0.0 0
0.0 0
0.0 0
0.0 0
0.0 0
0.0 0
0.0 0
0.0 0
0.0 0
0.0 0
0.0 0
0.0 0
0.0 0
0.0 0
0.0 0
0.0 0
0.0 0
0.0 0
0.0 0
0.0 0
0.0 0
0.0 0
0.0 0
0.0 0
0.0 0
0.0 0
0.0 0
0.0 0
0.0 0
0.0 0
0.0 0
0.0 0
0.0 0
0.0 0
0.0 0
0.0 0
0.0 0
0.0 0
0.0 0
0.0 0
0.0 0
0.0 0
0.0 0
0.0 0
0.0 0
0.0 0
0.0 0
0.0 0
0.0 0
0.0 0
0.0 0
0.0 0
0.0 0
0.0 0
0.0 0
0.0 0
0.0 0
0.0 0
0.0 0
0.0 0
0.0 0
0.0 0
0.0 0
0.0 0
0.0 0
0.0 0
0.0 0
0.0 0
0.0 0
0.0 0
0.0 0
0.0 0
0.0 0
0.0 0
0.0 0
0.0 0
0.0 0
0.0 0
0.0 0
0.0 0
0.0 0
0.0 0
0.0 0
0.0 0
0.0 0
0.0 0
0.0 0
0.0 0
0.0 0
0.0 0
0.0 0
0.0 0
0.0 0
0.0 0
0.0 0
0.0 0
0.0 0
0.0 0
0.0 0
0.0 0
0.0 0
0.0 0
0.0 0
0.0 0
0.0 0
0.0 0
0.0 0
0.0 0
0.0 0
0.0 0
0.0 0
0.0 0
0.0 0
0.0 0
0.0 0
0.0 0
0.0 0
0.0 0
0.0 0
0.0 0
0.0 0
0.0 0
0.0 0
0.0 0
0.0 0
0.0 0
0.0 0
0.0 0
0.0 0
0.0 0
0.0 0
0.0 0
0.0 0
0.0 0
0.0 0
0.0 0
0.0 0
0.0 0
0.0 0
0.0 0
0.0 0
0.0 0
0.0 0
0.0 0
0.0 0
0.0 0
0.0 0
0.0 0
0.0 0
0.0 0
0.0 0
0.0 0
0.0 0
0.0 0
0.0 0
0.0 0
0.0 0
0.0 0
0.0 0
0.0 0
0.0 0
0.0 0
0.0 0
0.0 0
0.0 0
0.0 0
0.0 0
0.0 0
0.0 0
0.0 0
0.0 0
0.0 0
0.0 0
0.0 0
0.0 0
0.0 0
0.0 0
0.0 0
0.0 0
0.0 0
0.0 0
0.0 0
0.0 0
0.0 0
0.0 0
0.0 0
0.0 0
0.0 0
0.0 0
0.0 0
0.0 0
0.0 0
0.0 0
0.0 0
0.0 0
0.0 0
0.0 0
0.0 0
0.0 0
0.0 0
0.0 0
0.0 0
0.0 0
0.0 0
0.0 0
0.0 0
0.0 0
0.0 0
0.0 0
0.0 0
0.0 0
0.0 0
0.0 0
0.0 0
0.0 0
0.0 0
0.0 0
0.0 0
0.0 0
0.0 0
0.0 0
0.0 0
0.0 0
0.0 0
0.0 0
0.0 0
0.0 0
0.0 0
0.0 0
0.0 0
0.0 0
0.0 0
0.0 0
0.0 0
0.0 0
0.0 0
0.0 0
0.0 0
0.0 0
0.0 0
0.0 0
0.0 0
0.0 0
0.0 0
0.0 0
0.0 0
0.0 0
0.0 0
0.0 0
0.0 0
0.0 0
0.0 0
0.0 0
0.0 0
0.0 0
0.0 0
0.0 0
0.0 0
0.0 0
0.0 0
0.0 0
0.0 0
0.0 0
0.0 0
0.0 0
0.0 0
0.0 0
0.0 0
0.0 0
0.0 0
0.0 0
0.0 0
0.0 0
0.0 0
0.0 0
0.0 0
0.0 0
0.0 0
0.0 0
0.0 0
0.0 0
0.0 0
0.0 0
0.0 0
0.0 0
0.0 0
0.0 0
0.0 0
0.0 0
0.0 0
0.0 0
0.0 0
0.0 0
0.0 0
0.0 0
0.0 0
0.0 0
0.0 0
0.0 0
0.0 0
0.0 0
0.0 0
0.0 0
0.0 0
0.0 0
0.0 0
0.0 0
0.0 0
0.0 0
0.0 0
0.0 0
0.0 0
0.0 0
0.0 0
0.0 0
0.0 0
0.0 0
0.0 0
0.0 0
0.0 0
0.0 0
0.0 0
0.0 0
0.0 0
0.0 0
0.0 0
0.0 0
0.0 0
0.0 0
0.0 0
0.0 0
0.0 0
0.0 0
0.0 0
0.0 0
0.0 0
0.0 0
0.0 0
0.0 0
0.0 0
0.0 0
0.0 0
0.0 0
0.0 0
0.0 0
0.0 0
0.0 0
0.0 0
0.0 0
0.0 0
0.0 0
0.0 0
0.0 0
0.0 0
0.0 0
0.0 0
0.0 0
0.0 0
0.0 0
0.0 0
0.0 0
0.0 0
0.0 0
0.0 0
0.0 0
0.0 0
0.0 0
0.0 0
0.0 0
0.0 0
0.0 0
0.0 0
0.0 0
0.0 0
0.0 0
0.0 0
0.0 0
0.0 0
0.0 0
0.0 0
0.0 0
0.0 0
0.0 0
0.0 0
0.0 0
0.0 0
0.0 0
0.0 0
0.0 0
0.0 0
0.0 0
0.0 0
0.0 0
0.0 0
0.0 0
0.0 0
0.0 0
0.0 0
0.0 0
0.0 0
0.0 0
0.0 0
0.0 0
0.0 0
0.0 0
0.0 0
0.0 0
0.0 0
0.0 0
0.0 0
0.0 0
0.0 0
0.0 0
0.0 0
0.0 0
0.0 0
0.0 0
0.0 0
0.0 0
0.0 0
0.0 0
0.0 0
0.0 0
0.0 0
0.0 0
0.0 0
0.0 0
0.0 0
0.0 0
0.0 0
0.0 0
0.0 0
0.0 0
0.0 0
0.0 0
0.0 0
0.0 0
0.0 0
0.0 0
0.0 0
0.0 0
0.0 0
0.0 0
0.0 0
0.0 0
0.0 0
0.0 0
0.0 0
0.0 0
0.0 0
0.0 0
0.0 0
0.0 0
0.0 0
0.0 0
0.0 0
0.0 0
0.0 0
0.0 0
0.0 0
0.0 0
0.0 0
0.0 0
0.0 0
0.0 0
0.0 0
0.0 0
0.0 0
0.0 0
0.0 0
0.0 0
0.0 0
0.0 0
0.0 0
0.0 0
0.0 0
0.0 0
0.0 0
0.0 0
0.0 0
0.0 0
0.0 0
0.0 0
0.0 0
0.0 0
0.0 0
0.0 0
0.0 0
0.0 0
0.0 0
0.0 0
0.0 0
0.0 0
0.0 0
0.0 0
0.0 0
0.0 0
0.0 0
0.0 0
0.0 0
0.0 0
0.0 0
0.0 0
0.0 0
0.0 0
0.0 0
0.0 0
0.0 0
0.0 0
0.0 0
0.0 0
0.0 0
0.0 0
0.0 0
0.0 0
0.0 0
0.0 0
0.0 0
0.0 0
0.0 0
0.0 0
0.0 0
0.0 0
0.0 0
0.0 0
0.0 0
0.0 0
0.0 0
0.0 0
0.0 0
0.0 0
0.0 0
0.0 0
0.0 0
0.0 0
0.0 0
0.0 0
0.0 0
0.0 0
0.0 0
0.0 0
0.0 0
0.0 0
0.0 0
0.0 0
0.0 0
0.0 0
0.0 0
0.0 0
0.0 0
0.0 0
0.0 0
0.0 0
0.0 0
0.0 0
0.0 0
0.0 0
0.0 0
0.0 0
0.0 0
0.0 0
0.0 0
0.0 0
0.0 0
0.0 0
0.0 0
0.0 0
